002001047379520111010065700
002001047379520111010065700
002001047379520111010065700
010001047379520111010075700
010001047379520111010075900
002000983480120111010065800
002000983480120111010065800
002001092475720111010065800
002001503029920111010070100
002001170454120111010070200
002000980543820111010070900
002000830484820111010071000
002000830484820111010071000
002000984558520111010071000
002001013055320111010071000
002001170004120111010071000
002001069881020111010071000
002001503180120111010071000
002000984611320111010071000
002001096308020111010071000
002001568933120111010071000
002001018338920111010071000
002001093037920111010071000
002001169397020111010071000
002000830517620111010071000
002000831234520111010071000
002001170850420111010071000
002001015190520111010071000
002001266295720111010071000
002001170707120111010071000
002001078100320111010071100
002000830458820111010071100
002001502401320111010071100
002001169987520111010071100
002001052488120111010071100
002001070431020111010071200
002001170716520111010071200
002001018338820111010071200
002000983478520111010071200
002001077138320111010071200
002001079325020111010071200
002001170687320111010071300
002001048004620111010071300
002001453068420111010071300
002000992807820111010071400
002001171771220111010071400
002001501916320111010071400
002001503910520111010071400
002000829602420111010071400
002001077135720111010071400
002001171918020111010071400
002001005590020111010071400
002000830911620111010071400
002000983177820111010071400
002000983178720111010071400
002001014014820111010071500
002001567419520111010071500
002001170071520111010071500
002001451857220111010071500
002000831073020111010071500
002001503178220111010071500
002001169180620111010071500
002001170722820111010071500
002000995765220111010071500
002001568311720111010071500
002001502942420111010071500
002000056261020111010071500
002001170628520111010071500
002001078829320111010071500
002001504361620111010071500
002001169942520111010071600
002001451353820111010071600
002000830451220111010071600
002000831360820111010071600
002000984610220111010071600
002000829765120111010071600
002001504117120111010071600
002001504430120111010071600
002001504484120111010071600
002001452608320111010071600
002001003871820111010071600
002001169881720111010071600
002000992760420111010071600
002000984388920111010071600
002001452999820111010071600
002001169486120111010071600
002001003936620111010071600
002001078477220111010071600
002001078477220111010071600
002000830936120111010071600
002001503221820111010071600
002000830218020111010071600
002000831035620111010071600
002001171320020111010071600
002001504280920111010071700
002000980796720111010071700
002001170870820111010071700
002001502535520111010071700
002001087721320111010071700
002001018341520111010071700
002001503063020111010071700
002001092464620111010071700
002001266453420111010071700
002000998811920111010071700
002001503091820111010071700
002001049704720111010071700
002001171810720111010071700
002001169625620111010071700
002001169847120111010071800
002001169415720111010071800
002001502605820111010071800
002001502987220111010071800
002000998817120111010071800
002001502611320111010071800
002001015118120111010071800
002001569558720111010071800
002001502309320111010071800
002001501692820111010071800
002000997402120111010071900
002000832044820111010071900
002000832044820111010071900
002000829550720111010071900
002000830967320111010071900
002001171408120111010071900
002001504134520111010071900
002000436039720111010071900
002001052484320111010071900
002001052484320111010071900
002001502431720111010071900
002001013866620111010071900
002001569609820111010071900
002001503393120111010072000
002000829554020111010072000
002001053464720111010072000
002001170180520111010072000
002001070433620111010072000
002000831447820111010072000
002001096911120111010072000
002001503807620111010072000
002001053472520111010072000
002001013871720111010072000
002001502556420111010072000
002001169807920111010072100
002001057260220111010072100
002001452039720111010072100
002001035602320111010072100
002001452998520111010072100
002000995757420111010072100
002000437216220111010072100
002001015117020111010072100
002001048006520111010072100
002001047380220111010072100
002000831405120111010072100
002001171440820111010072100
002001170049020111010072100
002001058768320111010072100
002001171789120111010072100
002001170369720111010072100
002001171905820111010072100
002001169789320111010072100
002001453584320111010072100
002001169750520111010072100
002001171841520111010072100
002001059378420111010072100
002000830580520111010072100
002001015770720111010072100
002001035607520111010072200
002001503500820111010072200
002001056480820111010072200
002001501962620111010072200
002001055783820111010072200
002001079237820111010072200
002001452397520111010072200
002001088438120111010072200
002000830476820111010072200
002000831973120111010072200
002000995754820111010072200
002001062462920111010072200
002000995757320111010072200
002001056481920111010072200
002000831572720111010072200
002001058846520111010072200
002001095585120111010072200
002001169303020111010072200
002001087701120111010072200
002001074899020111010072200
002001095666020111010072200
002000829531820111010072200
002000830196320111010072200
002001169259820111010072200
002001120250620111010072200
002001053467320111010072200
002001053469420111010072200
002001047298720111010072200
002001047298720111010072200
002001171071920111010072200
002001171071920111010072200
002001171432220111010072200
002000995759920111010072200
002001056502220111010072300
002001035596320111010072300
002001015132220111010072300
002001453455420111010072300
002000829530620111010072300
002001077793420111010072300
002000985604420111010072300
002001170968020111010072300
002001055781220111010072300
002000831246420111010072300
002001568748520111010072300
002000830161020111010072300
002001171593320111010072300
002000830124820111010072300
002000436700220111010072300
002000831379520111010072300
002001170794420111010072300
002001503236420111010072300
002001451290320111010072300
002000995760020111010072300
002001169830220111010072300
002001502105520111010072300
002001069883720111010072300
002001070432320111010072300
002001016015520111010072300
002001096310520111010072300
002001452898720111010072300
002000830790020111010072300
002001119689420111010072300
002000057012720111010072300
002001056478320111010072300
002001169211620111010072300
002000830465020111010072300
002000830465020111010072300
002001040249720111010072400
002001169490720111010072400
002001040252020111010072400
002001170985120111010072400
002001169504120111010072400
002001502435220111010072400
002000983146620111010072400
002000992812420111010072400
002001095561720111010072400
002001013871820111010072400
002001035524720111010072400
002001024009520111010072400
002001170077420111010072400
002000830212320111010072400
002001059378520111010072400
002001059378520111010072400
002001502355320111010072400
002001059378520111010072400
002000998391020111010072400
002000998391020111010072400
002001568352820111010072400
002000831726820111010072400
002001015132120111010072500
002001047172620111010072500
002001502687820111010072500
002001170428620111010072500
002001096327320111010072500
002001015189320111010072500
002001171424720111010072500
002001567359220111010072500
002001169879020111010072500
002001040249420111010072500
002000830109120111010072500
002001078495720111010072500
002001504467420111010072500
002000436112820111010072500
002001170342920111010072500
002001170476220111010072500
002001170806720111010072500
002000992633620111010072500
002000829558920111010072500
002001059373220111010072500
002001047070020111010072500
002001169350220111010072600
002000998043120111010072600
002001047350420111010072600
002001047350420111010072600
002001015133420111010072600
002001039250020111010072600
002001452804220111010072600
002000830634720111010072600
002001503528020111010072600
002000832153120111010072600
002001077886020111010072600
002001093728820111010072600
002001070434920111010072600
002001504418720111010072600
002001048245720111010072600
002000982479120111010072600
002001171004520111010072600
002000830551220111010072600
002001502233120111010072600
002001171571920111010072700
002000830415620111010072700
002000998025720111010072700
002000436021920111010072700
002001029492220111010072700
002001169305620111010072700
002000831818620111010072700
002001169508520111010072700
002001569406820111010072700
002000832022720111010072700
002001171161420111010072700
002001171396520111010072700
002001169727720111010072700
002000057222320111010072800
002001052026320111010072800
002001035594020111010072800
002000998809320111010072800
002000830710720111010072800
002000830995620111010072800
002001266878620111010072800
002001452234720111010072800
003000831422520111009223500
003001170342920111009230000
003001171922620111009230000
003001170476220111009230000
003001501743720111009233200
003001059095920111010052800
003001059095920111010052800
003001059095920111010052800
003001059095920111010052800
003001059092420111010062200
003000832310720111010065100
003001171446720111010065200
003001171446720111010065200
003001096628620111010065200
003000993169920111010065300
003000829676320111010065300
003001015193320111010065300
003001015193320111010065300
003000830216220111010065300
003000830216220111010065300
003001077518620111010065400
003001501743720111010065500
003001005589720111010065700
003001087719220111010065800
003001087719220111010065800
003000983484120111010070000
003001024017420111010070000
003001503029920111010070100
003001452680920111010070200
003001088436020111010070200
003001036103320111010070200
003001036103320111010070200
003000998388520111010070400
003001024012120111010070600
003001070432220111010070900
003000982477220111010071000
003000436857520111010071000
003001070436220111010071000
003001047382820111010071000
003001171365620111010071000
003001077243520111010071000
003001016018720111010071000
003001013404120111010071000
003001502920620111010071000
003001169326220111010071000
003001170713120111010071000
003001169494720111010071000
003001062342020111010071000
003001171916220111010071000
003000830174120111010071100
003001501908920111010071100
003001502634220111010071100
003001502634220111010071100
003001170433520111010071100
003001568959420111010071100
003000983144920111010071100
003000831193920111010071200
003001170910320111010071200
003001504123620111010071200
003000437679720111010071200
003001171063420111010071200
003001093951920111010071200
003001266117620111010071200
003000435533720111010071200
003001059381020111010071200
003000437532220111010071200
003000998023820111010071200
003000057171120111010071300
003000830589820111010071300
003001503457620111010071300
003000983086420111010071300
003001171640020111010071300
003001047323120111010071300
003001031618620111010071300
003001070436320111010071300
003000832078020111010071300
003001268536420111010071300
003001047329320111010071300
003001169790520111010071300
003001053466820111010071300
003000831227520111010071300
003000830464320111010071300
003000998408420111010071400
003001015184120111010071400
003001013688220111010071400
003000436417820111010071400
003001502350620111010071400
003000057598420111010071400
003001171479120111010071400
003001048441020111010071400
003001504436420111010071400
003000830010520111010071400
003001093962020111010071500
003001079046220111010071500
003001088433420111010071500
003001504362320111010071500
003001566944320111010071500
003001566944320111010071500
003001096646220111010071500
003000830794120111010071500
003000831184120111010071500
003001001716420111010071500
003000831020320111010071500
003001503941620111010071500
003001051087020111010071500
003001504314720111010071500
003001170827220111010071500
003001171700320111010071500
003001003912620111010071500
003001004528220111010071500
003000437429120111010071500
003001169913520111010071600
003001504260120111010071600
003001087721820111010071600
003001502312020111010071600
003001015281620111010071600
003001096703420111010071600
003001451691120111010071600
003001452974820111010071600
003000832101620111010071600
003000831836320111010071600
003001047168620111010071600
003001050597520111010071600
003001503801020111010071600
003001267609120111010071600
003000829958920111010071600
003001050695720111010071600
003001078293220111010071600
003000832007720111010071600
003001171287820111010071600
003000984553220111010071700
003000987376320111010071700
003001170042020111010071700
003001052545020111010071700
003001502941120111010071700
003000830652520111010071700
003001078646220111010071700
003001325935520111010071700
003001169946320111010071700
003000992766320111010071700
003001092478220111010071700
003001169437320111010071700
003001170273320111010071700
003001453326320111010071700
003001015142120111010071700
003001453058220111010071700
003000982160020111010071700
003000830553320111010071700
003001171231120111010071800
003000995762620111010071800
003001078435420111010071800
003001170701220111010071800
003000829711420111010071800
003001077783320111010071800
003000832232220111010071800
003001502529220111010071800
003001503727120111010071800
003001171171920111010071800
003001501948020111010071800
003001013695120111010071800
003000829699920111010071800
003001501923220111010071800
003001062460320111010071800
003001170026220111010071900
003001170261420111010071900
003000437912020111010071900
003000983105320111010071900
003001014793120111010071900
003001502444720111010071900
003001169251720111010071900
003001056484520111010071900
003000831768920111010071900
003001504307120111010071900
003001171061220111010071900
003001058763120111010071900
003000058142420111010071900
003001502725720111010071900
003001171922620111010071900
003000437186520111010071900
003001078899420111010071900
003001050771320111010071900
003000983485720111010071900
003001568018920111010071900
003001451204520111010071900
003001170313120111010071900
003001056484620111010071900
003001169311320111010071900
003001018472220111010071900
003001453640520111010071900
003001070438920111010072000
003000831026720111010072000
003001094531920111010072000
003000831183520111010072000
003001266918620111010072000
003001169280720111010072000
003000830292520111010072000
003001502903920111010072000
003001567989620111010072000
003001095584620111010072000
003000998246520111010072000
003001502421820111010072000
003001013972320111010072000
003000058535120111010072000
003001171457220111010072000
003001171650720111010072000
003000436804020111010072000
003001035371920111010072000
003001171410020111010072000
003000830463920111010072000
003000831854420111010072000
003001093020920111010072000
003001013448220111010072000
003001057276820111010072000
003001055798920111010072000
003001035604620111010072000
003000983082120111010072100
003001096152620111010072100
003000983098220111010072100
003001171168120111010072100
003001171324220111010072100
003001035527220111010072100
003000983159220111010072100
003001052026220111010072100
003001088430820111010072100
003001056479220111010072100
003001096147420111010072100
003000830865620111010072100
003001078118020111010072100
003001056502320111010072100
003001171574820111010072100
003001120815520111010072100
003001170551520111010072100
003001503403620111010072100
003001047382120111010072100
003001171456620111010072100
003001502753720111010072100
003001170059520111010072100
003001169338120111010072100
003001169338120111010072100
003000830711220111010072100
003001503360120111010072100
003001568598720111010072100
003001504369320111010072200
003001062441520111010072200
003001052121020111010072200
003000998020820111010072200
003001016014820111010072200
003001452562120111010072200
003001170172220111010072200
003001170918820111010072200
003001090651220111010072200
003000831404220111010072200
003001056502120111010072200
003000829905720111010072200
003000830488220111010072200
003001087718720111010072200
003000980978120111010072200
003000981704820111010072200
003001078737420111010072200
003001119723320111010072200
003001170485120111010072200
003001015144020111010072200
003001170568620111010072200
003001502432620111010072200
003001072191420111010072200
003001056480920111010072200
003001501847420111010072200
003001015139520111010072200
003001088432920111010072200
003001502274920111010072200
003001267409720111010072200
003001037386020111010072300
003001568616620111010072300
003001268610420111010072300
003000983477420111010072300
003001076567920111010072300
003001171026320111010072300
003001029491320111010072300
003001169206120111010072300
003001170868220111010072300
003001267106820111010072300
003001451561020111010072300
003001004524320111010072300
003001169833620111010072300
003000982484720111010072300
003001502199320111010072300
003001054400320111010072300
003001074901620111010072300
003001501780720111010072300
003001504234820111010072300
003000831899320111010072300
003001569181520111010072300
003000437398020111010072300
003000436327220111010072300
003000830352820111010072300
003000832249520111010072300
003000831822920111010072300
003000831561820111010072300
003001171007520111010072300
003001169203920111010072300
003001452433720111010072400
003001057259920111010072400
003000435705120111010072400
003001031610420111010072400
003000980551320111010072400
003000992628320111010072400
003000830059920111010072400
003001014195420111010072400
003001452865720111010072400
003001047324020111010072400
003000999453420111010072400
003001504266320111010072400
003000983984920111010072400
003000983163520111010072400
003001503405020111010072500
003001503921020111010072500
003000830725620111010072500
003000983083820111010072500
003001171817120111010072500
003001005592320111010072500
003000998021320111010072500
003001171648820111010072500
003000829929020111010072500
003000830509520111010072500
003001078697520111010072500
003001169508720111010072500
003001171791720111010072500
003001504383020111010072500
003001171549520111010072500
003001080365420111010072500
003001502871620111010072500
003001503774520111010072500
003001503768920111010072500
003001120845420111010072500
003001080355820111010072500
003000992763020111010072500
003001503385120111010072500
003000830859920111010072500
003000830363820111010072500
003001096631720111010072600
003001003934420111010072600
003001062461220111010072600
003000830244520111010072600
003001453628220111010072600
003001093039420111010072600
003000829966020111010072600
003001169368820111010072600
003000983149220111010072600
003001096146720111010072600
003001170579420111010072600
003000997330420111010072600
003000830482920111010072600
003001170655520111010072600
003001170655520111010072600
003001170443820111010072600
003001001721720111010072600
003001170337720111010072600
003001171418320111010072600
003000832114620111010072600
003001502410620111010072600
003001015200920111010072600
003001062334820111010072600
003001062334820111010072600
003000830715620111010072700
003001170379220111010072700
003001170331920111010072700
003001095539020111010072700
003001501706920111010072700
003001171766220111010072700
003001169563220111010072700
003000831769820111010072700
003001052119920111010072700
003001017746520111010072700
003000830664720111010072700
003001171836220111010072700
003001504194320111010072700
003001053472020111010072700
003001015129620111010072700
003001169636820111010072700
003001503445020111010072700
003001170316120111010072700
003001169381320111010072800
003001503150720111010072800
003001502990920111010072800
003001171066020111010072800
003001050772920111010072800
003001079211920111010072800
003001502127020111010072800
003001095668620111010072800
003001170371920111010072800
003000997184720111010072800
003001169976820111010072800
003001013869120111010072800
003000435192220111010072800
003001095666320111010072800
003000831591320111010072800
003001069879420111010072800
003000058300720111010072900
003000830324720111010072900
003001047068920111010072900
003001502694220111010072900
003001075796720111010072900
003000996592220111010072900
003000996592220111010072900
003001058768220111010072900
003001050613820111010072900
003001267378720111010072900
003001015188020111010072900
003001503416620111010072900
003001017742120111010072900
003001095579420111010072900
003001268059420111010072900
003000997187320111010072900
003001096313120111010073000
003001039247420111010073000
003001095585120111010073000
003001171023420111010073000
003001568244120111010073100
003001503832220111010073100
003001502845620111010073100
003001050765120111010073100
003001060321620111010073100
003000829821220111010073200
003000437580520111010073300
003001004544320111010073400
003000998811420111010073700
003001047065220111010075000
004000996592220111009205900
004000996592220111009205900
004000997307720111010043900
004000997307720111010043900
004000997307720111010043900
004001059097620111010055000
004001059097620111010055000
004001059097620111010055000
004000829579120111010065300
004000983064320111010065700
004000983064320111010065700
004000983064320111010065700
004000983064320111010065700
004001451424120111010065700
004000998635220111010065700
004001502369220111010065700
004000983486820111010065700
004001502559220111010065900
004001502559220111010065900
004000831474220111010070100
004000831474220111010070100
004001022855320111010070100
004000831934920111010070200
004000831353620111010070300
004000832264320111010070300
004000830856520111010070300
004001096633820111010071000
004000830846720111010071000
004001015141420111010071000
004000983161820111010071000
004000983180420111010071000
004000831730720111010071000
004001169708120111010071000
004001171556020111010071000
004001017420820111010071000
004001039245320111010071000
004000980546420111010071000
004001170079520111010071000
004001170559620111010071000
004001502554120111010071000
004001170856820111010071000
004001169220420111010071000
004001503846620111010071000
004000998409020111010071000
004001170023820111010071000
004001032446220111010071000
004001501822520111010071000
004001503048720111010071000
004001170909220111010071000
004001171511120111010071000
004001502324620111010071100
004001452945720111010071100
004001504327420111010071100
004001567709320111010071100
004001055798620111010071100
004001568523220111010071100
004001016012920111010071100
004001078479720111010071100
004001169603220111010071100
004001268531820111010071100
004001169945220111010071100
004001047309520111010071100
004001171186920111010071200
004000988035020111010071200
004001013302820111010071200
004000830851020111010071200
004001267608420111010071200
004001170471920111010071200
004001501970120111010071200
004001015185320111010071200
004001503123320111010071200
004001069878420111010071300
004001031613020111010071300
004001095687520111010071300
004000830276520111010071400
004000995762720111010071400
004001171634220111010071400
004001452131120111010071400
004001171823820111010071400
004000992810520111010071400
004001502581320111010071400
004001004542420111010071400
004001502758320111010071400
004001502959320111010071400
004001170686720111010071400
004001169842620111010071400
004000998809720111010071400
004001015186820111010071400
004001015186820111010071400
004001039247920111010071400
004001267484720111010071400
004001170121620111010071400
004001267010820111010071400
004001502687720111010071400
004000981645620111010071500
004000831616120111010071500
004001170828020111010071500
004001171463320111010071500
004001504358220111010071500
004000831584620111010071500
004001096616420111010071500
004001267260320111010071500
004000996594920111010071500
004001453726420111010071500
004001069878520111010071500
004001118931320111010071500
004001069883620111010071500
004001170597620111010071500
004001171122020111010071600
004001047175220111010071600
004000831821820111010071600
004001088430320111010071600
004001267811320111010071600
004001093064120111010071600
004001453139220111010071600
004001058765820111010071600
004001451365620111010071600
004001015079120111010071600
004001171657820111010071600
004000983483020111010071600
004001056484420111010071600
004001451650220111010071600
004000829675020111010071600
004001078484820111010071600
004000435949020111010071600
004000830744520111010071600
004000437224220111010071600
004001568589020111010071600
004000829742320111010071600
004001503652920111010071600
004000983481320111010071600
004000983100820111010071600
004001451732720111010071600
004000831329220111010071600
004001169592620111010071600
004001095689220111010071700
004001095689220111010071700
004001169429420111010071700
004001169531220111010071700
004001076877620111010071700
004001171652520111010071700
004000830658220111010071700
004001503054520111010071700
004001171349020111010071700
004001568674720111010071700
004001169916120111010071700
004001078637820111010071700
004001170675520111010071700
004001077990420111010071700
004001169319220111010071700
004001075797820111010071700
004000830596720111010071700
004000980992620111010071700
004001096913720111010071700
004001169273220111010071700
004001503568620111010071700
004001504101620111010071700
004000998224820111010071700
004001267045920111010071700
004001016016120111010071800
004001062440620111010071800
004001170080320111010071800
004001171400720111010071800
004001323853720111010071800
004001015185420111010071800
004000998023420111010071800
004000998814020111010071800
004000998814020111010071800
004001503825220111010071800
004001048252420111010071800
004001169339020111010071800
004001267840420111010071800
004001029491420111010071800
004001080369020111010071800
004001567202320111010071800
004001035538620111010071800
004000830230720111010071800
004001052123620111010071800
004001569028120111010071800
004001502048420111010071900
004000986761820111010071900
004001502048420111010071900
004001267192520111010071900
004001070429520111010071900
004001170174020111010071900
004001171094020111010071900
004001170159220111010071900
004001503792920111010071900
004001088435520111010071900
004001171679920111010071900
004001170091620111010071900
004000981604020111010071900
004001567580520111010071900
004001078025120111010071900
004000831930720111010071900
004000829796520111010071900
004001567552620111010071900
004000982479820111010071900
004001569628320111010071900
004001171105420111010071900
004001501819920111010071900
004001078846720111010072000
004001094534520111010072000
004001078488920111010072000
004000831968620111010072000
004001093962220111010072000
004001054375820111010072000
004000436684420111010072000
004001501747720111010072000
004001169756620111010072000
004000832137320111010072000
004000829653020111010072000
004001503163020111010072000
004001170216820111010072000
004001119401820111010072000
004001267194520111010072000
004001566959320111010072000
004001054395220111010072000
004001054395220111010072000
004001031613920111010072000
004001031613920111010072000
004001169968220111010072000
004000829951520111010072000
004001503242920111010072000
004001024014720111010072000
004001057262520111010072000
004001095255720111010072000
004001453333520111010072000
004000077627420111010072000
004001169208620111010072000
004000436251120111010072100
004001503650620111010072100
004001171580020111010072100
004000983147520111010072100
004001015192620111010072100
004001085811120111010072100
004001077136620111010072100
004001452448420111010072100
004001095686520111010072100
004001094537120111010072100
004000436402420111010072100
004001569567120111010072100
004001031616520111010072100
004001503739920111010072100
004000829554620111010072100
004000830137120111010072100
004000981821720111010072100
004001267455420111010072100
004001093043120111010072100
004000830487220111010072100
004000437587920111010072100
004001015187420111010072100
004000831275320111010072100
004000831550620111010072100
004001170550820111010072100
004000829703920111010072100
004000998389120111010072100
004001503145520111010072100
004000831206120111010072200
004000831379420111010072200
004000983972720111010072200
004001170894120111010072200
004001503740820111010072200
004000998388420111010072200
004001451197620111010072200
004001014899020111010072200
004001169949920111010072200
004000983102720111010072200
004001502230820111010072200
004000980791120111010072200
004001170589020111010072200
004001169498020111010072200
004001171444620111010072200
004001501991520111010072200
004001171252120111010072200
004001017326020111010072200
004001503415520111010072200
004001568946520111010072200
004000998386420111010072200
004001568669520111010072200
004001568152220111010072200
004000831136120111010072200
004000832042320111010072200
004001502479720111010072200
004001170047320111010072200
004001504210320111010072200
004001169244320111010072200
004000997408320111010072200
004001169206820111010072200
004000830928320111010072200
004000998808820111010072200
004001054397720111010072200
004000998385820111010072200
004001001720220111010072200
004000830117920111010072200
004000998026120111010072200
004000993172520111010072300
004001170187320111010072300
004001169717420111010072300
004001170954820111010072300
004000830521220111010072300
004000830119420111010072300
004001016017420111010072300
004000998020420111010072300
004001015190620111010072300
004000831729420111010072300
004001058783920111010072300
004000436489320111010072300
004000831825720111010072300
004000830176320111010072300
004001056483320111010072300
004001070433720111010072300
004001018474820111010072300
004001169518020111010072300
004000997328320111010072300
004001170980120111010072300
004000998808420111010072300
004001169902420111010072300
004001170475020111010072300
004001171869520111010072300
004001503353820111010072300
004001096634320111010072300
004001169592420111010072300
004001170228620111010072300
004001058033820111010072300
004001266929020111010072300
004001504477220111010072300
004001171475020111010072300
004001060301320111010072300
004000437377720111010072300
004000831701620111010072300
004001569059520111010072300
004001070437420111010072300
004001074901520111010072300
004001004544920111010072400
004001095582020111010072400
004000983099920111010072400
004000998020520111010072400
004001060301420111010072400
004001503758420111010072400
004001569379320111010072400
004000832041420111010072400
004000436970120111010072400
004000436499420111010072400
004001452890320111010072400
004000831530420111010072400
004001015281320111010072400
004001035607220111010072400
004001062250220111010072400
004001452120420111010072400
004001015191920111010072400
004001170301920111010072400
004001569550920111010072400
004000997330920111010072400
004001069886220111010072400
004001503195920111010072500
004001169803020111010072500
004001171275120111010072500
004001504413820111010072500
004000983107920111010072500
004001170426020111010072500
004000436993920111010072500
004001170932420111010072500
004000437368120111010072500
004001453859020111010072500
004001170966320111010072500
004001078711820111010072500
004001567170020111010072500
004001169857920111010072500
004001567092420111010072500
004000830811120111010072500
004000831246520111010072500
004000436537420111010072500
004001080353120111010072500
004001040252320111010072500
004001453519420111010072500
004001171208620111010072500
004001169849620111010072500
004000831069920111010072600
004001170275820111010072600
004001502943420111010072600
004001502943420111010072600
004000437304120111010072600
004001016012220111010072600
004001171894720111010072600
004001062274320111010072600
004001062269920111010072600
004001120782520111010072600
004001171910020111010072600
004000436336020111010072600
004001047299820111010072600
004001030480720111010072600
004000830166420111010072600
004001047166220111010072600
004000998825220111010072600
004000437054820111010072600
004001013411220111010072600
004001171560920111010072600
004001503892520111010072700
004001169915620111010072700
004001324626820111010072700
004001062271720111010072700
004001074893720111010072700
004000983084720111010072700
004000983084720111010072700
004001015097120111010072700
004001503415120111010072700
004001502998320111010072700
004001170417620111010072700
004000983176120111010072700
004001077134020111010072700
004001000269820111010072700
004001171725420111010072700
004001170614920111010072700
004001453097320111010072700
004000830545920111010072700
004001267928020111010072800
004001069884720111010072800
004000998385720111010072800
004000997327820111010072800
004001078169320111010072800
004001451958220111010072800
004001171763520111010072800
004001567928520111010072800
004000831972820111010072800
004001096149320111010072800
005001170845720111010064200
005001170845720111010064200
005001170845720111010064200
005001076645620111010065000
005001076645620111010065000
005001266777320111010065800
005001502653520111010070000
005001502653520111010070000
005000830928420111010070100
005001502852720111010070400
005001502852720111010070400
005001502852720111010070400
005001502459120111010071300
005001502459120111010071400
005001169406520111010071500
005001169406520111010071500
005000435548720111010071700
005000435548720111010071700
005001062343120111010071700
005001062343120111010071700
005001062343120111010071700
005001266312320111010071900
005001266312320111010071900
005001266312320111010071900
005001171130720111010072200
005001170833720111010072200
005001170833720111010072200
005001029493920111010072300
005001029493920111010072300
005001268304820111010072300
005001266387320111010072300
005001266387320111010072300
005000435444120111010072600
005000435444120111010072600
005000437315620111010072700
005000437315620111010072700
005000437315620111010072700
005001034845820111010072800
005001034845820111010072800
005000996599920111010072800
005001267575120111010072900
005001267575120111010072900
005001171587820111010072900
005001452063720111010072900
005001452063720111010072900
005000435415720111010073200
005000435415720111010073200
005000435209720111010073400
003001001708520111010082800
003001568044420111010082800
003001568044420111010082800
003001502553220111010085200
003001078651520111010095200
003001453039720111010114800
003000830848420111010115600
003001502889320111010120000
003001070437520111010121300
003001058781320111010121300
003001075782420111010121600
003001170639020111010121700
003000437834420111010121800
003001169484220111010122400
003001453301420111010122700
005001453245620111010121100
001000983486820111010163100
001001169339020111010163100
001001169857920111010163100
001001060321620111010163200
001001060321620111010163200
001000998635220111010163200
001000998020520111010163200
001000983086420111010163200
001000983086420111010163200
001001267484720111010163400
001001062274320111010163400
001001170828020111010163400
001001013411220111010163400
001001452890320111010163400
001001452890320111010163400
001000830846720111010163400
001001501743720111010163500
002001054375820111010153200
002000984611320111010163000
002000983178720111010163000
002001566944320111010163000
002001171440820111010163000
002000830652520111010163000
002001502535520111010163000
002001503145520111010163000
002001171122020111010163000
002001171650720111010163000
002001120815520111010163000
002001503405020111010163000
002000998025720111010163000
002001047175220111010163000
002001171766220111010163000
002000998408420111010163000
002001502529220111010163000
002001170172220111010163000
002000983478520111010163000
002001171287820111010163000
002001096646220111010163000
002001569558720111010163000
002001171424720111010163000
002000992766320111010163100
002001170868220111010163100
002001267106820111010163100
002001567202320111010163100
002001171066020111010163100
002001171640020111010163100
002001013972320111010163100
002001055783820111010163100
002001502350620111010163100
002001567580520111010163100
002001080355820111010163100
002001047309520111010163100
002001325935520111010163100
002001453519420111010163100
002001170337720111010163100
002001453068420111010163100
002000436336020111010163100
002000983082120111010163100
002001070431020111010163100
002001504234820111010163100
002001080365420111010163100
002001080353120111010163100
002001504467420111010163100
002001015184120111010163100
002000997330420111010163100
002001169563220111010163100
002001079211920111010163100
002001171320020111010163100
002001503528020111010163100
002001453628220111010163100
002001047329320111010163100
002000829653020111010163100
002001502048420111010163100
002001069886220111010163100
002001452804220111010163100
002001170870820111010163100
002000984558520111010163100
002001452945720111010163100
002001078293220111010163100
002001502553220111010163100
002000998388520111010163100
002001035604620111010163100
002001024012120111010163100
002001266117620111010163200
002001268059420111010163200
002001503063020111010163200
002001070436320111010163200
002001059381020111010163200
002001504430120111010163200
002001267192520111010163200
002001267609120111010163200
002001031610420111010163200
002001120845420111010163200
002000982477220111010163200
002001452397520111010163200
002000437834420111010163200
002001088438120111010163200
002000998809320111010163200
002001078495720111010163200
002001171061220111010163200
011001169397020111010153200
011001169397020111010154000
002001169397020111010163200
002001079046220111010163200
002001056480920111010163200
002001015200920111010163200
002001502998320111010163200
002001088432920111010163200
002001503941620111010163200
002001053467320111010163200
002001039247920111010163200
002001053469420111010163200
002001095539020111010163200
002000980791120111010163200
002001170331920111010163200
002000830967320111010163200
002001502941120111010163200
002001035607220111010163200
002001014793120111010163200
002001268536420111010163200
002000997330920111010163200
002001170047320111010163200
002001504210320111010163200
002001502942420111010163200
002001170080320111010163200
002001013055320111010163200
002001052488120111010163200
002001568933120111010163200
002000437216220111010163300
002000983083820111010163300
002001171004520111010163300
002001058768220111010163300
002001014014820111010163300
002001056483320111010163300
002001093962020111010163300
002001267840420111010163300
002000830119420111010163300
002000830521220111010163300
002001015281620111010163300
002001057262520111010163300
002001504314720111010163300
002001070432320111010163300
002001070429520111010163300
002001058781320111010163300
005001267575120111010153000
005001267575120111010153000
005000437315620111010162900
005000437315620111010162900
005000437315620111010162900
005000996592220111010163000
005000996592220111010163000
005001062343120111010163000
005001062343120111010163000
005001029493920111010163000
005001029493920111010163000
005001266387320111010163000
005001266387320111010163000
005001034845820111010163000
005001034845820111010163000
005001268304820111010163000
005001266777320111010163100
005000996599920111010163100
005001502459120111010163100
005001453245620111010163100
005001170833720111010163100
005001170833720111010163100
005001502459120111010163100
005001171130720111010163100
005001171130720111010163100
005000435444120111010163200
005000435444120111010163200
005001502852720111010163300
005001502852720111010163300
005001502852720111010163300
005001502852720111010163300
005000435415720111010163600
005000435415720111010163600
005000435415720111010163600
005001171587820111010163600
005001266312320111010163600
005001266312320111010163600
005001452063720111010163800
005001452063720111010163800
005000435209720111010165600
