001000131537620120531143106
001000131537620120531143108
001001481339720120531143148
001001481339720120531143149
001001481339720120531143150
001001104675520120531143221
001001104675520120531143224
001000298772220120531143235
001000298772220120531143236
001000298772220120531143238
001000298772220120531143241
001000298772220120531143243
001001030531020120531143312
001001030531020120531143313
001001383797820120531143403
001001383797820120531143404
001000297112620120531143658
001000297112620120531143659
001001030985120120531143704
001001030985120120531143705
001000297218720120531143707
001000297218720120531143708
001000327223320120531144107
001000327223320120531144108
001000942523320120531144529
001001105566220120531144957
001000296041320120531145925
001000296041320120531145927
001000295629620120531150009
001001030520420120531150011
001001481154820120531150023
001001481154820120531150024
001000328009820120531150025
001000328009820120531150027
001001032303120120531150105
001001032303120120531150107
001000297469920120531150109
001000297469920120531150110
001000296443120120531150453
001000296443120120531150454
001001035291820120531155826
001001035291820120531155827
001000933921020120531155832
001000933921020120531155833
001001570571120120531155833
001001570571120120531155834
001001592609920120531155835
001001572982920120531155836
001001572982920120531155837
001000331016320120531155838
001001106135820120531155840
001000298801720120531155843
001000298801720120531155844
001001031241920120531155847
001001031241920120531155848
001000295817020120531155850
001000295817020120531155851
001000943813120120531155856
001000943813120120531155857
001000943813120120531155858
001001102639720120531155900
001001102639720120531155901
001001102639720120531155903
001001102639720120531155905
001001102639720120531155906
001001468413420120531155923
001001468413420120531155924
001001468413420120531155925
001000297535120120531160059
001000297535120120531160100
001001404843320120531160512
001001404843320120531160513
001001404843320120531160514
001000295526820120531165546
001001015739320120531170002
001000298107520120531170024
001000298107520120531170025
001000938380620120531170027
001000938380620120531170028
001000295540520120531170029
001000295540520120531170030
001001098070820120531170048
001001098070820120531170049
001001098070820120531170050
001000943811520120531170225
001000943811520120531170226
001001532914520120531170227
001001532914520120531170228
001000288933020120531170250
001000288933020120531170251
001001031813820120531173825
001001031813820120531173827
001000287001920120531180002
001000297640420120531180005
001000297640420120531180006
001001031356520120531180006
001001031356520120531180008
001001481448220120531180009
001001481448220120531180010
001001481448220120531180011
001000297386320120531180012
001000297386320120531180013
001000297074020120531180014
001000297074020120531180015
001001372858020120531180017
001001372858020120531180018
001001032245620120531180019
001001032245620120531180020
001000287936220120531180021
001000326777620120531180022
001001084565820120531180023
001001084565820120531180024
001000326777620120531180025
001001565237120120531180026
001000942437420120531180028
001001472302220120531180029
001001472302220120531180030
001001565081820120531180032
001001472302220120531180033
001001466696020120531180034
001001102867420120531180036
001001102867420120531180037
001001524922420120531180040
001001524922420120531180041
001000297209020120531180048
001001482483920120531180055
001000943310120120531180058
001000943310120120531180059
001000936100020120531180104
001000936100020120531180105
001001047781820120531180107
001001047781820120531180108
001001405056920120531180110
001000297295920120531180112
001001032237120120531180113
001001032237120120531180114
001001030467620120531180115
001001030467620120531180117
001000407508420120531180118
001000407508420120531180119
001001032237120120531180120
001000799245920120531180959
001000799245920120531181001
001001029961920120531182829
001001029961920120531182830
001000943806920120531183348
001000943806920120531183349
001000295475820120531183351
001000295475820120531183352
001000298956520120531183416
001000298956520120531183417
001001098435720120531183510
001001098435720120531183511
001001098435720120531183512
001000295888520120531183512
001000295888520120531183513
001000295888520120531183514
001000936097720120531183516
001000936097720120531183517
001001098425420120531183518
001001098425420120531183519
001001106928920120531183529
001000296446320120531183542
001001085610820120531183625
001001085610820120531183626
001001085356920120531183628
001001085356920120531183629
001000949838020120531183934
001000949838020120531183935
001000297792420120531184001
001000297792420120531184002
001000296454420120531184010
001000296454420120531184011
001000296454420120531184012
001000298034720120531184024
001000298034720120531184025
001000298034720120531184026
001001564840320120531184042
001000288686720120531184058
001000288686720120531184059
001000298636820120531184118
001000298636820120531184119
001000298636820120531184120
001000948674620120531184122
001001032039520120531184123
001001032039520120531184124
001000296369220120531184152
001000296369220120531184153
001001480358320120531184253
001001480358320120531184254
001000934781120120531184306
001000948735120120531184311
001000948735120120531184312
001001391257820120531184337
001000328038020120531184339
001001098458420120531184411
001001098458420120531184412
001000325513720120531184731
001000936585620120531184830
001000936585620120531184831
001000297590620120531184858
001000297590620120531184859
001000210433320120531184901
001000210433320120531184902
001000998203520120531184904
001001116024120120531184910
001000130934220120531185112
001000130934220120531185113
001000936254420120531185128
001000936254420120531185130
001000297495020120531185538
001000297495020120531185539
001000327368820120531185802
001001102203220120531185805
001001102203220120531185806
001000297426320120531185807
001000297713220120531185808
001000296992920120531185810
001001404582320120531185816
001001404901120120531185817
001001404901120120531185818
001001404582320120531185819
001001554179320120531185821
001001380824720120531185822
001001380824720120531185823
001001554179320120531185824
001000326477120120531185826
001000326477120120531185827
001000327032720120531185828
001000327032720120531185829
001000288988320120531185839
001001103971720120531185840
001001103971720120531185841
001001103971720120531185842
001000288988320120531185843
001000297435520120531185853
001000297435520120531185854
001001035608720120531185904
001001035608720120531185905
001000326095120120531185906
001000326095120120531185908
001001100922620120531185909
001001100922620120531185910
001001100922620120531185911
001001035520820120531185912
001001035520820120531185913
001000299568820120531185914
001000299568820120531185915
001001381235020120531185916
001001381235020120531185917
001000824361220120531185918
001000824361220120531185919
001000824361220120531185920
001001471217520120531185921
001001471217520120531185922
001001471217520120531185923
001001527342620120531185923
001001527342620120531185924
001001527342620120531185925
001000296569820120531185927
001000296569820120531185928
001001030647920120531185929
001001030647920120531185931
001000936078220120531185932
001000936078220120531185933
001001098455420120531185934
001001098455420120531185935
001001098455420120531185936
001001374500120120531185936
001001374500120120531185937
001001374500120120531185938
001001100926820120531185940
001001100926820120531185942
001001566051120120531185943
001000327508920120531185944
001000297690620120531185945
001001047781720120531185946
001001047781720120531185947
001000297791120120531185948
001000998590020120531185949
001000998590020120531185950
001001526726120120531185950
001001526726120120531185951
001000296421420120531185952
001000296421420120531185953
001001030474620120531185954
001001030474620120531185955
001000937437620120531185956
001000937437620120531185957
001000938680320120531185958
001000938680320120531185959
001001014091120120531190000
001001014091120120531190001
001001030547820120531190001
001001030547820120531190002
001000297338220120531190003
001001551739520120531190004
001001551739520120531190005
001000295482320120531190006
001000295482320120531190007
001000948306020120531190008
001000948306020120531190009
001000948306020120531190010
001000295531120120531190011
001001573957820120531190012
001001573957820120531190013
001000330756520120531190014
001001403483820120531190016
001001548407620120531190018
001001014087820120531190024
001001565808520120531190027
001000130522020120531190029
001001031489420120531190030
001001031489420120531190031
001001031489420120531190032
001000998570820120531190033
001000998570820120531190034
001000408534220120531190046
001001554245820120531190053
001001554245820120531190054
001001572867620120531190138
001001468654220120531190221
001000297606620120531190300
001000297606620120531190301
001001582991820120531191304
001001582991820120531191305
001000936610620120531221303
001000936610620120531221304
001000947860520120531221306
001000947860520120531221307
001000947860520120531221308
001000297133120120531223011
001000297133120120531223012
001001102284420120531223015
001001102284420120531223016
001001029732220120531223323
001001029732220120531223325
001000288747420120531224113
001000330051320120531224444
001000330051320120531224445
001000327619420120531224446
001000327619420120531224447
001000297018220120531224843
001000330710620120531224845
001000297339620120531225130
001001099446020120531225738
001000211046120120531225804
001000211046120120531225805
001000211046120120531225806
001000998569020120531225914
001000998569020120531225916
001001481339720120531225953
001001481339720120531225954
001000299755420120531230125
001000299755420120531230126
001000942523320120531230322
001000942523320120531230323
001001104675520120531230325
001001104675520120531230327
001000298772220120531230328
001000298772220120531230329
001000298772220120531230330
001000943235520120601055003
001000943235520120601055005
001001030467620120601055016
001001030467620120601055017
001001030467620120601055018
001000297606620120601055019
001000297606620120601055020
001000297295920120601055153
001000297295920120601055154
001001405056920120601055200
001001481448220120601055230
001001481448220120601055231
001000287001920120601055244
001001472302220120601055311
001001472302220120601055313
001001482483920120601055321
001001482483920120601055322
001001099668520120601055332
001001099668520120601055333
001001084565820120601055354
001001084565820120601055355
001000297386320120601055411
001000297386320120601055412
001000296443120120601055452
001001482335420120601055503
001000297074020120601055515
001001032245620120601055541
001001466696020120601055605
001001565081820120601055607
001001481154820120601055609
001001481154820120601055610
001001032237120120601055738
001001032237120120601055739
001000936100020120601055743
001000936100020120601055744
001001481154820120601055746
001001481154820120601055747
001001047781820120601055748
001001047781820120601055751
001001031356520120601055753
001001031356520120601055755
001000936100020120601055757
001000287936220120601060000
001001565237120120601060022
001001565237120120601060023
001000799245920120601061314
001000799245920120601061316
001000296569820120601062215
001000296569820120601062216
001000296569820120601062218
001001404901120120601062222
001001404901120120601062223
001001527342620120601062229
001001527342620120601062230
001001527342620120601062231
001001104622720120601062233
001001104622720120601062234
001000296273020120601062825
001000296273020120601062827
001001533671720120601062840
001001533671720120601062841
001001533671720120601062842
001001533671720120601062843
001001382786820120601062844
001001382786820120601062845
001000326095120120601063312
001000326095120120601063313
001000326095120120601063314
001000943813120120601063318
001000943813120120601063319
001000299597620120601063455
001000299597620120601063456
001000130542520120601063501
001000130542520120601063502
001001566051120120601063642
001001566051120120601063644
001000824361220120601063716
001000824361220120601063717
001000824361220120601063718
001000287351220120601063730
001000287351220120601063732
001000331016320120601063759
001000331016320120601063800
001001592609920120601063802
001001592609920120601063803
001000295629120120601063825
001000295629120120601063826
001000297851920120601063847
001000297851920120601063848
001001015729420120601063850
001001015729420120601063851
001000943097620120601063924
001000943097620120601063926
001001030520420120601063931
001000296421420120601064045
001000296421420120601064046
001001047781720120601064124
001001572982920120601064148
001001572982920120601064149
001001106135820120601064151
001001106135820120601064152
001001100597720120601064205
001001100597720120601064206
001000934471620120601064211
001000934748820120601064212
001000934748820120601064213
001000297690620120601064215
001001381235020120601064216
001001381235020120601064217
001001102208020120601064218
001001102208020120601064219
001001102208020120601064220
001000299331620120601064220
001000299331620120601064221
001001035608720120601064224
001001035608720120601064225
001000208384520120601064227
001000208384520120601064228
001001471217520120601064229
001001471217520120601064230
001001471138120120601064232
001001014087820120601064233
001001524922420120601064234
001001100926820120601064250
001001100926820120601064251
001001404810220120601064255
001001404810220120601064256
001000289521220120601064303
001000289521220120601064304
001000297338220120601064310
001000297338220120601064311
001001382623020120601064321
001001382623020120601064322
001000287272420120601064354
001000287272420120601064355
001000287272420120601064356
001001100922620120601064404
001001100922620120601064405
001001100922620120601064406
001000936078220120601064425
001000936078220120601064426
001000298123220120601064429
001000118524720120601064431
001001481901220120601064432
001000297791120120601064434
001000297791120120601064435
001000288988320120601064448
001000288988320120601064449
001000288988320120601064450
001000938680320120601064455
001000938680320120601064456
001000289269420120601064500
001000289269420120601064501
001001014091120120601064502
001001014091120120601064503
001001104621020120601064504
001001104621020120601064505
001000130971420120601064536
001000326477120120601064544
001000326477120120601064548
001000327032720120601064549
001000327032720120601064550
001001403112120120601064600
001000297535120120601064628
001000297535120120601064630
001000299570820120601064701
001000299570820120601064702
001001030474620120601064705
001001030474620120601064706
001001565808520120601064710
001001570571120120601064712
001001570571120120601064713
001001404434820120601064715
001001404434820120601064717
001001032098020120601064718
001001032098020120601064719
001000799276820120601064722
001000799276820120601064723
001000799276820120601064724
001000295883220120601064725
001000295883220120601064726
001000299595320120601064727
001000299595320120601064728
001000299608720120601064730
001001578283120120601064731
001001578283120120601064732
001001574190220120601064735
001000296905520120601064737
001000296905520120601064738
001000296905520120601064739
001001506992520120601064740
001000998570820120601064742
001001404843320120601064744
001001404843320120601064745
001000943550320120601064753
001000296232720120601064756
001000296232720120601064757
001001593847920120601064758
001001593847920120601064759
001000295817020120601064800
001000295817020120601064801
001000295482320120601064812
001000295482320120601064813
001000327368820120601064816
001001035520820120601064822
001001035520820120601064824
001001583221320120601064842
001000287424120120601064851
001000948714720120601064857
001001470440320120601064901
001000327784320120601064905
001001077190620120601064907
001000299386520120601064909
001000937783920120601064913
001000288912120120601064917
001001403483820120601064919
001001403483820120601064920
001001573957820120601064922
001001573957820120601064923
001000297297920120601064927
001000295631220120601064929
001000299289520120601064930
001000295547320120601064931
001000295547320120601064933
001000295547320120601064934
001000934243620120601064940
001000934243620120601064941
001000948306020120601064943
001000948306020120601064944
001000295531120120601064945
001001594234420120601064952
001001468654220120601064954
001000935074420120601064955
001000998590020120601064956
001000327508920120601064957
001000327508920120601064958
001000937437620120601064959
001000937437620120601065000
001000297163820120601065001
001000297163820120601065002
001000130522020120601065012
001000330756520120601065014
001000210016020120601065017
001000210016020120601065018
001001570587220120601065023
001001570587220120601065024
001000326799120120601065024
001000326799120120601065025
001000326799120120601065026
001001551739520120601065027
001001551739520120601065028
001000296988520120601065029
001000296988520120601065030
001001030547820120601065031
001001030547820120601065032
001001391337320120601065034
001001391337320120601065035
001001548407620120601065038
001000408534220120601065040
001000948999720120601065042
001001526726120120601065044
001001526726120120601065045
001000118607320120601065046
001001100877420120601065047
001001102639720120601065049
001001102639720120601065050
001001471394820120601065051
001001471394820120601065052
001001572867620120601065055
001000297005320120601065057
001001391611420120601065108
001001391611420120601065109
001001106160520120601065141
001000298303720120601065143
001000297764720120601065144
001000297764720120601065145
001001030438120120601065147
001001554245820120601065149
001001554245820120601065150
001000296041320120601065155
001000296041320120601065156
001001103960120120601065200
001001103960120120601065201
001000295591820120601065202
001000295591820120601065203
001001103960120120601065205
001001374500120120601065205
001001374500120120601065206
001000936254820120601065208
001000936254820120601065209
001001574346220120601065209
001001574346220120601065210
001000936254820120601065213
001000933921020120601065243
001000936409120120601065246
001000936409120120601065247
001001031241920120601065253
001001031241920120601065254
001000936032320120601065324
001000936032320120601065325
001000944250520120601065326
001000944250520120601065327
001001035291820120601065330
001001035291820120601065331
001001013410420120601065332
001001013410420120601065333
001001581892020120601065341
001000299770920120601065342
001001581892020120601065343
001000297191120120601065403
001000297191120120601065404
001000297191120120601065405
001000295526820120601065405
001000295526820120601065406
001000297713220120601065411
001000297426320120601065413
001000299568820120601065429
001000299568820120601065430
001000296764620120601065431
001001404084820120601065434
001001383783920120601065435
001001392740620120601065437
001001594717220120601065439
001000297435520120601065517
001000297435520120601065519
001001565141620120601065535
001001565141620120601065536
001001099447520120601065542
001001099447520120601065544
001001015739320120601065606
001000296449520120601065610
001000296449520120601065611
001001570175320120601065612
001001570175320120601065613
001001382300520120601065615
001001382300520120601065616
001001115177320120601065617
001001115177320120601065618
001000298514920120601065621
001000298514920120601065622
001000296992920120601065658
001000297209020120601065707
001001482725520120601065719
001001482725520120601065720
001000297204920120601065723
001000297204920120601065727
001000297204920120601065729
001000297204920120601065731
001001554179320120601065754
001001554179320120601065755
001001554179320120601065756
001001404582320120601065758
001001404582320120601065759
001000296647520120601065818
001001468243720120601065819
001001030131720120601070025
001001030131720120601070026
001001098070820120601070058
001001098070820120601070059
001001098070820120601070100
001001524543120120601070203
001000295629620120601070215
001000295629620120601070216
001000329140120120601070552
001000329140120120601070553
001000329140120120601070554
001000298065120120601071729
001000938380620120601071732
001000938380620120601071733
001001532914520120601071747
001001481778820120601071800
001001481778820120601071801
001001481778820120601071802
001000943811520120601072205
001000298107520120601072408
001000298107520120601072409
001000288933020120601072551
001000288933020120601072552
001000288933020120601072553
001000297451720120601072622
001000297451720120601072625
001001481048120120601073107
001001468413420120601073311
001001468413420120601073312
001001031813820120601074705
001001031813820120601074706
001000297112620120601143036
001000297112620120601143037
001000297218720120601143038
001001030985120120601143039
001001030985120120601143040
001000297218720120601143041
001000297095420120601143101
001000297095420120601143102
001000297095420120601143103
001001383797820120601143306
001001383797820120601143307
001001383797820120601143308
001001104675520120601143329
001001104675520120601143330
001000327223320120601143415
001000327223320120601143416
001000327223320120601143417
001001030531020120601143454
001001030531020120601143455
001001030531020120601143456
001000131537620120601143609
001000131537620120601143610
001001581332520120601143620
001001581332520120601143622
001001481339720120601143643
001001481339720120601143645
001001031042420120601143726
001001031042420120601143729
001001105566220120601144559
001001105566220120601144600
001000942523320120601144601
001000942523320120601144602
001000297163820120601145949
001000296041320120601145951
001000296041320120601145952
001000296041320120601145953
001001030438120120601145955
001000287272420120601145959
001000287272420120601150001
001001030520420120601150002
001001030520420120601150003
001000296443120120601150005
001000296443120120601150006
001001481448220120601150007
001001481448220120601150009
001000295629120120601150040
001000295629120120601150043
001000299378420120601155855
001000299378420120601155859
001001374500120120601155902
001001374500120120601155903
001001374500120120601155904
001001570175320120601155905
001001570175320120601155906
001000327368820120601155907
001001570571120120601155908
001000327368820120601155909
001001031356520120601155912
001001031356520120601155913
001000296449520120601155914
001000296449520120601155915
001000297435520120601155915
001000297435520120601155916
001001524922420120601155918
001001524922420120601155919
001000295817020120601155920
001000295817020120601155921
001000943813120120601155921
001000943813120120601155922
001001031241920120601155923
001001031241920120601155924
001001102639720120601155925
001001102639720120601155926
001001102639720120601155927
001001102639720120601155928
001000327032720120601155931
001000327032720120601155932
001000326477120120601155933
001000326477120120601155934
001000295526820120601155935
001000295526820120601155936
001000295526820120601155940
001001015739320120601155948
001001404843320120601160023
001001404843320120601160024
001001468413420120601160041
001001468413420120601160042
001000943097620120601160336
001000943097620120601160337
001000326799120120601162256
001000406902320120601170023
001000406902320120601170024
001000298107520120601170203
001000298107520120601170204
001001098070820120601170208
001001098070820120601170209
001001098070820120601170210
001000298065120120601170214
001000298065120120601170215
001000938380620120601170256
001000938380620120601170257
001000938380620120601170258
001000938380620120601170259
001000943811520120601170358
001001532914520120601170400
001001481048120120601170447
001000288933020120601170503
001000288933020120601170504
001000288933020120601170505
001001031813820120601171123
001001031813820120601171124
001001480358320120601174824
001001480358320120601174825
001000130934220120601174827
001000130934220120601174829
001001380824720120601175133
001001380824720120601175134
001000287001920120601180001
001001405056920120601180002
001001405056920120601180003
001000297074020120601180005
001000297074020120601180006
001001084565820120601180007
001001084565820120601180008
001000297386320120601180008
001000297386320120601180010
001001032245620120601180011
001001032245620120601180012
001001472302220120601180013
001001472302220120601180014
001001472302220120601180015
001001565237120120601180016
001001565237120120601180017
001001482503520120601180017
001001482503520120601180018
001001482503520120601180019
001000942437420120601180020
001000934438620120601180021
001000934438620120601180022
001000287936220120601180024
001000287936220120601180025
001000942437420120601180025
001000942437420120601180026
001001372858020120601180026
001001372858020120601180027
001000943310120120601180028
001001102867420120601180029
001001102867420120601180030
001001466696020120601180031
001001466696020120601180032
001001565081820120601180033
001001565081820120601180034
001001030467620120601180035
001001030467620120601180036
001000297606620120601180037
001000297606620120601180038
001001481154820120601180041
001001481154820120601180042
001001481154820120601180043
001000943235520120601180044
001000297334120120601180045
001001482335420120601180047
001000297209020120601180049
001001482483920120601180051
001000297554320120601180052
001000407508420120601180054
001000407508420120601180055
001001099668520120601180057
001001099668520120601180058
001001032237120120601180059
001001032237120120601180100
001000297295920120601180102
001000297295920120601180103
001001047781820120601180125
001001047781820120601180126
001000936100020120601180128
001000936100020120601180129
001001565119320120601182107
001001565119320120601182108
001000297115920120601182110
001000297115920120601182111
001000296446320120601182541
001000296446320120601182542
001000295888520120601183003
001000295888520120601183005
001001098425420120601183007
001001098425420120601183008
001001106928920120601183144
001001106928920120601183145
001000297590620120601183156
001000799245920120601183451
001000799245920120601183453
001000950032720120601183500
001000950032720120601183501
001001085610820120601183537
001001085610820120601183538
001001085356920120601183540
001001085356920120601183541
001001098435720120601183632
001001098435720120601183633
001000936097720120601183635
001000936097720120601183636
001000209960420120601183719
001000209960420120601183720
001000209960420120601183721
001000298034720120601183956
001000298034720120601183957
001000296454420120601184000
001000298034720120601184001
001000325513720120601184002
001000948735120120601184112
001000934781120120601184115
001000949838020120601184154
001000949838020120601184156
001000936254420120601184316
001000936254420120601184317
001001029961920120601184353
001001029961920120601184354
001000297564920120601184453
001000297792420120601184510
001000297792420120601184511
001000328038020120601184516
001000328038020120601184518
001001391257820120601184520
001000298636820120601184623
001000298636820120601184624
001000298636820120601184625
001000943806920120601184627
001000943806920120601184628
001000288686720120601184629
001000288686720120601184630
001000295475820120601184641
001000295475820120601184642
001000296369220120601184709
001000296369220120601184710
001000296369220120601184711
001000210433320120601185008
001000210433320120601185009
001001116024120120601185011
001001098458420120601185100
001001098458420120601185101
001000297127920120601185114
001000948674620120601185117
001001032039520120601185118
001001032039520120601185119
001000297495020120601185230
001000297495020120601185231
001000935074420120601185801
001000935074420120601185803
001000935074420120601185804
001000297713220120601185813
001000297426320120601185814
001001554179320120601185815
001001554179320120601185816
001000936032320120601185817
001000936032320120601185818
001000944250520120601185820
001000944250520120601185821
001000297259520120601185822
001000297259520120601185823
001000296558220120601185824
001000296558220120601185825
001001132816520120601185826
001001132816520120601185827
001000297191120120601185830
001000297191120120601185832
001001592609920120601185901
001001592609920120601185902
001000299568820120601185903
001000299568820120601185904
001000331016320120601185906
001000331016320120601185907
001000328009820120601185908
001000328009820120601185909
001001566051120120601185911
001000934748820120601185913
001000934748820120601185914
001001381235020120601185916
001001381235020120601185917
001000287403920120601185918
001000287403920120601185919
001001404901120120601185920
001001404901120120601185921
001000937437620120601185923
001000937437620120601185924
001000295629620120601185925
001000295629620120601185926
001001565808520120601185926
001001565808520120601185927
001001565808520120601185928
001001527342620120601185930
001001527342620120601185931
001001527342620120601185932
001000943050320120601185933
001000943050320120601185934
001000297791120120601185934
001000297791120120601185935
001000297791120120601185936
001001382786820120601185937
001001382786820120601185938
001001382786820120601185939
001000297690620120601185940
001001533671720120601185940
001001533671720120601185941
001001533671720120601185942
001001533671720120601185943
001001533671720120601185944
001000297690620120601185944
001000297690620120601185945
001000327508920120601185946
001000327508920120601185947
001001030547820120601185948
001001030547820120601185949
001000998590020120601185950
001000998590020120601185951
001001014091120120601185952
001001014091120120601185953
001001551739520120601185954
001001551739520120601185955
001001526726120120601185956
001001526726120120601185957
001000326095120120601185958
001000938680320120601185959
001000938680320120601190000
001000938680320120601190001
001000299597620120601190002
001000326095120120601190004
001001100926820120601190006
001000296569820120601190007
001000296569820120601190008
001000296569820120601190009
001000289521220120601190010
001000289521220120601190011
001001047781720120601190013
001000295482320120601190014
001000295482320120601190015
001000330756520120601190016
001001573957820120601190018
001001570587220120601190019
001001030474620120601190021
001000948306020120601190023
001000295531120120601190025
001000295531120120601190026
001000948306020120601190028
001001548407620120601190030
001000408534220120601190032
001000288931720120601190033
001000288931720120601190034
001000288931720120601190035
001001403483820120601190036
001001403483820120601190037
001000297451720120601190116
001000297451720120601190117
001001035608720120601190204
001001035608720120601190205
001001471217520120601190207
001001471217520120601190208
001001471138120120601190332
001000299289520120601190335
001000295631220120601190337
001000296671420120601190338
001000297297920120601190343
001001100922620120601190413
001001100922620120601190414
001000288988320120601190421
001000288988320120601190422
001000296421420120601190423
001000296421420120601190424
001000824361220120601190425
001000824361220120601190426
001000824361220120601190427
001000936078220120601190427
001000936078220120601190428
001000936078220120601190429
001001014087820120601190431
001001468654220120601190442
001000130522020120601190444
001000998570820120601190446
001001403112120120601190447
001001030531020120601201943
001000947860520120601222548
001000947860520120601222549
001000947860520120601222550
001000936610620120601222552
001000936610620120601222553
001000288747420120601222555
001000947860520120601222556
001001029732220120601223143
001001029732220120601223144
001001029732220120601223146
001000327619420120601223148
001000327619420120601223149
001000330051320120601223150
001000330051320120601223153
001001564840320120601223600
001000211046120120601224441
001000211046120120601224442
001000297339620120601224547
001000297018220120601225349
001000330710620120601225351
001000289105220120601225636
001001102284420120601225642
001001102284420120601225643
001000297133120120601225643
001000297133120120601225644
001001104675520120601225800
001001104675520120601225802
001001105566220120601225803
001001105566220120601225804
001000942523320120601225805
001000942523320120601225806
001000297112620120601225915
001001030985120120601225917
001000297218720120601225918
001001383797820120601225924
001001383797820120601225925
001000131537620120601225947
001000131537620120601225948
001001481339720120601225949
001001481339720120601225950
001001481339720120601225951
001001581332520120601230048
001001581332520120601230049
001000299755420120601230109
001000299755420120601230110
001000297095420120601230402
001000297095420120601230403
001000297095420120601230404
001000297095420120601230405
001001031042420120601231047
001001031042420120601231048
001000327223320120601232710
001000327223320120601232711
001000327223320120601232712
001000943310120120602053800
001000943310120120602053801
001000287403920120602053816
001000297386320120602053818
001000297386320120602053820
001000287403920120602053821
001000799245920120602054330
001000799245920120602054331
001000297606620120602054334
001000297606620120602054335
001001047781820120602054359
001001047781820120602054401
001000934438620120602054522
001000934438620120602054523
001001482503520120602054525
001001482503520120602054526
001001099668520120602054646
001001099668520120602054647
001001372858020120602054648
001001372858020120602054649
001000407508420120602054654
001000407508420120602054655
001000297554320120602054719
001000297554320120602054721
001001481448220120602054904
001001481448220120602054905
001001481448220120602054906
001001032237120120602054927
001001032237120120602054928
001000297074020120602054958
001000297074020120602055001
001001084565820120602055048
001001084565820120602055049
001001472302220120602055050
001001472302220120602055051
001000295526820120602055054
001000295526820120602055055
001000943235520120602055143
001000943235520120602055145
001000287001920120602055247
001001030467620120602055248
001001030467620120602055249
001000297640420120602055325
001000297640420120602055326
001001032122120120602055424
001001032122120120602055425
001000296558220120602055430
001000296558220120602055431
001001032245620120602055455
001001106968520120602055457
001001481154820120602055526
001001481154820120602055527
001001482483920120602055531
001001466696020120602055553
001001565081820120602055555
001000326777620120602055608
001001405056920120602055623
001001405056920120602055624
001000287936220120602055625
001001482335420120602055710
001001565237120120602055834
001001565237120120602055835
001001482772020120602055927
001000297209020120602060008
001000943813120120602061442
001000943813120120602061444
001000943813120120602061445
001000296569820120602061947
001000296569820120602061949
001000130542520120602062256
001000130542520120602062257
001000130542520120602062258
001000298143520120602062337
001000298143520120602062338
001001104622720120602062404
001001104622720120602062405
001000326095120120602062529
001000326095120120602062531
001001100926820120602062554
001001100926820120602062556
001000287272420120602062635
001000287272420120602062637
001000287272420120602062638
001001030520420120602062900
001000287134620120602062917
001000287134620120602062918
001000287134620120602062919
001000287134620120602062920
001000289269420120602063232
001001100922620120602063304
001001100922620120602063305
001001100922620120602063306
001000296273020120602063312
001000296273020120602063313
001001572982920120602063315
001001572982920120602063316
001000297851920120602063331
001000297851920120602063332
001001404434820120602063336
001001404434820120602063338
001000297259520120602063359
001000297259520120602063400
001000297259520120602063401
001001132816520120602063403
001001132816520120602063404
001001047781720120602063406
001001047781720120602063407
001000948999720120602063512
001000328009820120602063523
001000328009820120602063524
001000328009820120602063525
001001014088520120602063607
001001014088520120602063608
001001014088520120602063609
001000208384520120602063610
001000208384520120602063611
001000208384520120602063612
001000297666620120602063629
001000297666620120602063630
001000297666620120602063631
001001471138120120602063639
001001382786820120602063643
001001382786820120602063644
001001382786820120602063645
001001533671720120602063647
001001533671720120602063648
001001533671720120602063649
001001533671720120602063650
001001030192320120602063717
001001030192320120602063718
001001030192320120602063719
001000948651120120602063720
001000948651120120602063721
001000947639920120602063722
001000947639920120602063723
001001094690720120602063724
001001094690720120602063725
001000299378420120602063727
001000299378420120602063728
001000442642020120602063747
001000442642020120602063748
001001382623020120602063750
001001382623020120602063752
001000327032720120602063811
001000327032720120602063812
001000326477120120602063813
001000326477120120602063815
001000326477120120602063816
001001102203220120602063844
001001102203220120602063845
001000943300920120602063849
001000943300920120602063850
001000936078220120602063914
001000936078220120602063915
001000936078220120602063916
001001566051120120602063926
001000288988320120602063930
001000288988320120602063931
001000288988320120602063932
001001566051120120602063933
001000288988320120602063935
001000289521220120602063937
001000289521220120602063938
001001392740620120602064004
001001392740620120602064005
001001527342620120602064054
001001527342620120602064055
001001527342620120602064056
001000330742620120602064058
001000330742620120602064059
001001104621020120602064100
001001104621020120602064101
001001470379020120602064103
001000328295120120602064109
001001404901120120602064109
001001404901120120602064110
001000328295120120602064115
001000328295120120602064116
001001470379020120602064117
001001106135820120602064119
001001106135820120602064120
001000998570820120602064150
001000998570820120602064151
001000934748820120602064203
001000934748820120602064204
001001381235020120602064206
001001381235020120602064207
001000287351220120602064216
001000287351220120602064217
001000296905520120602064219
001000296905520120602064220
001001574190220120602064222
001000943550320120602064225
001000130971420120602064227
001001554179320120602064231
001001554179320120602064232
001000298303720120602064238
001001106160520120602064240
001000327368820120602064241
001000297764720120602064243
001001404810220120602064322
001001404810220120602064323
001001471217520120602064337
001001471217520120602064338
001001471217520120602064339
001000824361220120602064340
001000824361220120602064341
001000824361220120602064342
001000824361220120602064343
001001035520820120602064344
001001035520820120602064346
001000296421420120602064346
001000296421420120602064347
001001035608720120602064349
001000296421420120602064349
001001035608720120602064349
001001035608720120602064350
001001035520820120602064351
001000296421420120602064354
001001404843320120602064401
001001404843320120602064402
001000943097620120602064404
001000943097620120602064405
001000943097620120602064406
001000934243620120602064425
001001030166320120602064447
001001030166320120602064448
001001391337320120602064455
001001391337320120602064456
001001391337320120602064457
001001524922420120602064505
001001575065020120602064522
001000297005320120602064526
001001100877420120602064540
001001100877420120602064541
001000297690620120602064542
001000297690620120602064543
001000327508920120602064544
001001102208020120602064547
001001102208020120602064548
001000998590020120602064549
001001468654220120602064551
001000299331620120602064551
001000299331620120602064552
001001526726120120602064553
001001526726120120602064554
001000130522020120602064555
001000130522020120602064556
001000938680320120602064614
001000938680320120602064615
001001593847920120602064617
001001593847920120602064618
001000299595320120602064619
001000299595320120602064620
001000295883220120602064622
001000295883220120602064623
001000799276820120602064624
001000799276820120602064625
001000331016320120602064627
001000331016320120602064628
001001578283120120602064629
001001578283120120602064630
001001592609920120602064631
001001592609920120602064632
001001014091120120602064633
001001014091120120602064634
001000299570820120602064646
001000299570820120602064648
001001030474620120602064650
001001030474620120602064651
001000295629120120602064717
001000944250520120602064735
001000944250520120602064736
001000936032320120602064737
001000936032320120602064738
001000296232720120602064744
001000296232720120602064745
001000296232720120602064746
001001551739520120602064806
001001551739520120602064807
001001030547820120602064809
001001030547820120602064810
001000288931720120602064815
001000327784320120602064825
001001583221320120602064827
001001583221320120602064828
001001470440320120602064830
001000287424120120602064834
001001077190620120602064836
001000295817020120602064838
001000295817020120602064839
001001594234420120602064851
001000935074420120602064852
001000948306020120602064900
001000948306020120602064901
001000295531120120602064902
001001594733420120602064904
001001403112120120602064909
001001031489420120602064921
001001103960120120602064928
001001103960120120602064929
001000943050320120602064938
001001548407620120602064953
001000408534220120602064954
001000408534220120602064955
001000295629620120602065001
001001099447520120602065006
001000948714720120602065007
001001099447520120602065009
001001506992520120602065012
001001481901220120602065015
001000118524720120602065017
001000298123220120602065019
001001594717220120602065020
001001594717220120602065021
001001404084820120602065022
001001404084820120602065025
001001383783920120602065026
001001383783920120602065027
001000297338220120602065028
001001014087820120602065032
001000210016020120602065034
001000210016020120602065035
001001554245820120602065038
001001554245820120602065039
001001554245820120602065040
001000297297920120602065041
001000299289520120602065043
001000295631220120602065044
001000296671420120602065045
001000937437620120602065046
001000937437620120602065047
001000296041320120602065049
001000296041320120602065050
001000296764620120602065051
001000296764620120602065052
001001574346220120602065058
001001574346220120602065059
001000936254820120602065100
001000936254820120602065102
001000943159620120602065103
001000943159620120602065104
001001403483820120602065107
001001403483820120602065108
001000297791120120602065134
001000297791120120602065135
001001013410420120602065149
001001013410420120602065150
001000299386520120602065153
001000299386520120602065154
001001030131720120602065157
001001030131720120602065159
001000118607320120602065201
001000118607320120602065202
001000297535120120602065209
001000297535120120602065211
001001098455420120602065214
001001098455420120602065215
001001098455420120602065216
001000297334120120602065233
001000296687020120602065240
001001105771720120602065242
001000933921020120602065245
001000933921020120602065246
001001572867620120602065252
001000288912120120602065301
001000326799120120602065303
001001032098020120602065332
001001032098020120602065333
001001404582320120602065357
001001404582320120602065358
001001031241920120602065400
001001031241920120602065401
001001471394820120602065406
001001471394820120602065407
001001573957820120602065409
001001570587220120602065438
001001570587220120602065439
001000295854720120602065440
001000295854720120602065441
001000297187120120602065441
001000297187120120602065442
001000297713220120602065443
001000297426320120602065444
001000299608720120602065449
001000299608720120602065450
001000299597620120602065458
001000299597620120602065459
001000299597620120602065500
001001391611420120602065500
001001391611420120602065501
001000330756520120602065518
001001374500120120602065527
001001374500120120602065528
001000299770920120602065541
001001581892020120602065542
001000299770920120602065543
001001570175320120602065553
001001570175320120602065554
001000296449520120602065556
001000296449520120602065557
001000296449520120602065558
001000936409120120602065600
001000296988520120602065610
001000296988520120602065611
001001115177320120602065653
001001115177320120602065654
001000297435520120602065655
001000297435520120602065656
001000297191120120602065656
001000298514920120602065658
001000298514920120602065659
001001382300520120602065701
001001382300520120602065702
001000299568820120602065711
001000299568820120602065712
001001565808520120602065713
001001565808520120602065714
001001015739320120602065717
001000296647520120602065733
001000296647520120602065734
001001468243720120602065736
001000328302020120602065739
001001565141620120602065807
001001524543120120602065841
001000296369220120602065904
001000296369220120602065905
001000936610620120602065907
001000936610620120602065908
001000947860520120602065910
001000947860520120602065911
001000297018220120602065913
001000297018220120602065914
001000330710620120602065917
001000330710620120602065918
001000211046120120602065919
001000288747420120602065929
001000936254420120602065931
001001085356920120602065933
001001085356920120602065934
001000297495020120602065935
001000297495020120602065936
001001085610820120602065937
001001085610820120602065938
001000298034720120602065939
001000298034720120602065940
001000297792420120602065941
001000297792420120602065942
001001029961920120602065943
001001029961920120602065944
001000298636820120602065945
001000298636820120602065946
001000297339620120602065947
001001116024120120602065948
001001116024120120602065949
001000288686720120602065950
001000288686720120602065951
001000296454420120602065951
001000296454420120602065952
001000296454420120602065953
001001565119320120602065954
001001565119320120602065955
001000297590620120602065956
001000297590620120602065957
001001098435720120602065959
001001098435720120602070000
001000936097720120602070002
001000936097720120602070003
001000936097720120602070004
001001102284420120602070005
001001102284420120602070006
001000297133120120602070007
001001405107620120602070009
001001405107620120602070010
001001405107620120602070011
001000330051320120602070011
001000330051320120602070012
001000330051320120602070014
001000943806920120602070014
001000943806920120602070016
001001029732220120602070017
001001029732220120602070018
001000298956520120602070018
001000327619420120602070019
001000327619420120602070020
001000298956520120602070021
001000298956520120602070022
001001391257820120602070023
001001391257820120602070024
001000297115920120602070025
001000297115920120602070026
001000948674620120602070027
001000948674620120602070028
001000328038020120602070029
001000328038020120602070030
001000295888520120602070031
001000295888520120602070032
001001032039520120602070033
001001032039520120602070034
001001106928920120602070034
001001106928920120602070035
001001106928920120602070036
001000295475820120602070037
001000295475820120602070038
001001098425420120602070039
001001098425420120602070040
001000950032720120602070041
001000950032720120602070042
001001480358320120602070043
001001480358320120602070044
001000325513720120602070045
001000296992920120602070047
001000296992920120602070048
001001380824720120602070049
001001380824720120602070050
001000934781120120602070052
001000934781120120602070053
001000210433320120602070053
001000210433320120602070054
001000210433320120602070055
001001564840320120602070056
001001564840320120602070057
001000130934220120602070058
001000130934220120602070059
001000948735120120602070101
001000934781120120602070103
001000289105220120602070106
001000209960420120602070107
001000209960420120602070108
001000297127920120602070109
001001098458420120602070111
001001098458420120602070112
001000297564920120602070114
001000296446320120602070137
001000296446320120602070138
001001098070820120602070204
001001098070820120602070205
001001030647920120602070255
001001030647920120602070256
001000295540520120602071938
001000295540520120602071939
001000298107520120602071940
001000298107520120602071941
001001532914520120602072107
001000938380620120602072111
001000938380620120602072112
001000938380620120602072113
001000938380620120602072114
001000298065120120602072355
001000298065120120602072356
001000329140120120602072427
001000329140120120602072428
001000329140120120602072429
001001468413420120602072438
001001468413420120602072439
001000943811520120602072441
001000943811520120602072442
001000288933020120602072533
001000288933020120602072534
001000288933020120602072535
001000329979420120602072547
001000329979420120602072548
001000943279920120602072551
001000943279920120602072552
001000297451720120602072634
001001481048120120602073422
001001031813820120602073948
001001031813820120602073949
