001001062438920110709153000
001001004525620110709153000
001001014195420110709163000
001001501970120110709163000
001000830715820110709163000
001001453301420110709163000
001001170471920110709163000
001001324626820110709163000
001001504280920110709163000
001001170216820110709163000
001000078619520110709163000
001001453519420110709163000
001000830319020110709163000
001000831405120110709163000
001001568018920110709163000
001001502903920110709163100
001000983477420110709163100
001000436537420110709163100
001000829929020110709163100
001000831785220110709163100
001001502044020110709163100
001001118931320110709163100
001001118931320110709163100
001001169429420110709163100
001001078646220110709163100
001001501780720110709163100
001001502375420110709163100
001001015190520110709163100
001001080355820110709163100
001001080353120110709163100
001001503528020110709163100
001001096913720110709163100
001001171061220110709163100
001001016018720110709163100
001001170301920110709163100
001001569550920110709163100
001000830196320110709163100
001001502725720110709163100
001001048253520110709163100
001001170379220110709163100
001000982484720110709163100
001000983082120110709163100
001001170806720110709163100
001000984610220110709163100
001001504467420110709163100
001001567415220110709163100
001000983972720110709163100
001001266295720110709163100
001001058033820110709163100
001000830212320110709163100
001001040249420110709163100
001001502309320110709163100
001001502432620110709163100
001001015191920110709163100
001000830652520110709163100
001000982160020110709163100
001000982160020110709163100
001001169531220110709163100
001000983485720110709163100
001001171396520110709163100
001000437076120110709163100
001001169727720110709163200
001000983478520110709163200
001000980978120110709163200
001000829765120110709163200
001001568352820110709163200
001001070432320110709163200
001001015281620110709163200
001001504307120110709163200
001001169397020110709163200
001000832007720110709163200
001001095579920110709163200
001000829966020110709163200
001000829808520110709163200
001001015097120110709163200
001001050695720110709163200
001000995762620110709163200
001001024012120110709163200
001000998020820110709163200
001001078169320110709163200
001000998817120110709163200
001001502355320110709163200
001001022855320110709163200
001001169486120110709163200
001000831836320110709163200
001000829558920110709163200
001001169717420110709163200
001001567519520110709163200
001001170707120110709163200
001001169790520110709163200
001001079211920110709163200
001001502127020110709163200
001000437912020110709163200
001001169887520110709163200
001000436112820110709163200
001001075802020110709163200
001001015187420110709163200
001001169708120110709163200
001000993169920110709163200
001001049704720110709163200
001001170417620110709163200
001000998388520110709163200
001000436804020110709163200
001001451958220110709163300
001001503221820110709163300
001001170954820110709163300
001001502431720110709163300
001000830476820110709163300
001001502556420110709163300
001001004544320110709163300
001001004542420110709163300
001001452974820110709163300
001000830059920110709163300
001000436415120110709163300
001001171275120110709163300
001001001719120110709163300
001000999066320110709163300
001001504101620110709163300
001001451204520110709163300
001000831899320110709163300
001000437532220110709163300
001001078477220110709163300
001001078293220110709163300
001001060301420110709163300
001000998686120110709163300
001001452589420110709163300
001001093043120110709163300
001001568589020110709163300
001001169881720110709163300
001001171793720110709163300
001001171113920110709163300
001001052121020110709163300
001001267811320110709163300
001001504361620110709163300
001001169368820110709163300
001000996595920110709163300
001001169849620110709163300
001001501948020110709163300
001000057241920110709163300
001000832078020110709163300
001001169563220110709163300
001000436251120110709163300
001001567580520110709163300
001001052484320110709163300
001001503652920110709163300
001001451857220110709163400
001001075830620110709163400
001000831821820110709163400
001001502199320110709163400
001000435949020110709163400
001001050772920110709163400
001001035602320110709163400
001000829711420110709163400
001001452131120110709163400
001001015184120110709163400
001001052119920110709163400
001000983106220110709163400
001001169836220110709163400
001001095689220110709163400
001000997330420110709163400
001000830744520110709163400
001000997187320110709163400
001000832101620110709163400
001001503145520110709163400
001001567055120110709163400
001000996594920110709163400
001001069881120110709163400
001001171424720110709163400
001001169636820110709163400
001001503091820110709163400
001000830967320110709163400
001001502941120110709163400
001000831550620110709163400
001000983099920110709163400
001001503825220110709163400
001001170077420110709163400
001000983180420110709163400
001001451650220110709163400
001001088432920110709163400
001001018338920110709163400
001001056480920110709163400
001000983102720110709163400
001001093037920110709163400
001001058829520110709163400
001001047299820110709163400
001001503910520110709163500
001001504430120110709163500
001001169879020110709163500
001001171873420110709163500
001001504266320110709163500
001000830521220110709163500
001001170268520110709163500
001001504484120110709163500
001001171122020110709163500
001001039250020110709163500
001000983105320110709163500
001000983144920110709163500
001001503403620110709163500
001001078711820110709163500
001001047065220110709163500
001001171580020110709163500
001001502845620110709163500
001001503832220110709163500
001001171479120110709163500
001001171776420110709163500
001000437008920110709163500
001001048004620110709163500
001001050771320110709163500
001001095582020110709163500
001000832225020110709163500
001001078656820110709163500
001001096703420110709163500
001001015144020110709163500
001001169913520110709163500
001001052126220110709163500
001000831404220110709163500
001001170316120110709163500
001001050613820110709163500
001000995754820110709163500
001001567491120110709163500
001001169350220110709163500
001001047166220110709163500
001000998825220110709163500
001001096911120110709163500
001001171071920110709163500
001001053472020110709163500
001001056484520110709163500
001001169912720110709163500
001001502687820110709163600
001001035524720110709163600
001000830464320110709163600
001001095584620110709163600
001001047382820110709163600
001001013866620110709163600
001000992812420110709163600
001000983146620110709163600
001000992628320110709163600
001001040252020110709163600
001000832044820110709163600
001000832044820110709163600
001000832249520110709163600
001000831561820110709163600
001000831822920110709163600
001001503500820110709163600
001000830465020110709163600
001001048441020110709163600
001001047380220110709163600
001001267484720110709163600
001001502535520110709163600
001000831329220110709163600
001001078118020110709163600
001001003871820110709163600
001001170231520110709163600
001001170231520110709163600
001000983177820110709163600
001001567883820110709163600
001001093039420110709163600
001001171078820110709163600
001001048002020110709163600
001001074901620110709163600
001001015188020110709163600
001001047168620110709163600
001001171432220110709163600
001000830911620110709163600
001001171593320110709163600
001000830161020110709163600
001000829703920110709163600
001000831584620110709163700
001001169211620110709163700
001000983100820110709163700
001001169750520110709163700
001001170369720110709163700
001001169803020110709163700
001001016012220110709163700
001001503801020110709163700
001001171511120110709163700
001001451353820110709163700
001000830458820110709163700
001000830484820110709163700
001000830484820110709163700
001000078444420110709163700
001001568616620110709163700
001000830553320110709163700
001000830174120110709163700
001001452999820110709163700
001000830488220110709163700
001001267840420110709163700
001001171463320110709163700
001001170273320110709163700
001000992633620110709163700
001000831183520110709163700
001001171324220110709163700
001001120782520110709163700
001001170980120110709163700
001000058535120110709163700
001001171457220110709163700
001001170639020110709163700
001001504123620110709163700
001001169338120110709163700
001001087721820110709163700
001001169415720110709163700
001000831854420110709163700
001000830859920110709163700
001000829531820110709163700
001001095579420110709163700
001001170589020110709163700
001000830769220110709163800
001001452039720110709163800
001001169498020110709163800
001000829699920110709163800
001001170071520110709163800
001000436489320110709163800
001001169536920110709163800
001001069883720110709163800
001001170059520110709163800
001001503774520110709163800
001000830995620110709163800
001000829905720110709163800
001001169756620110709163800
001001062462920110709163800
001001170004120110709163800
001001266387320110709163800
001000831770020110709163800
001001170845720110709164000
001001170845720110709164100
001001170845720110709164100
001001170845720110709164100
001001059097620110709175800
001001059097620110709175800
001001059097620110709175800
001000997307720110709175800
001000997307720110709175800
001000997307720110709175800
001001059097620110710051800
001001059097620110710051800
001001059097620110710051800
001001059097620110710051800
001001452680920110710065000
001001452680920110710065000
001001504077220110710065000
001001504077220110710065000
001001504077220110710065000
001001504077220110710065000
001000983064320110710065000
001000983064320110710065000
001001170845720110710065500
001001170845720110710065500
001001170845720110710065500
001001170845720110710065600
001001170845720110710065600
001001170845720110710065600
001001170579420110710065600
001001170579420110710065600
001001170579420110710065600
001001170579420110710065700
001001170579420110710065700
001001170579420110710065700
001001096633820110710070100
001000998388520110710070100
001001087721820110710070700
001001568674720110710071300
001001169902420110710071300
001001054395220110710071300
001000998026120110710071400
001000993172520110710071400
001000831770020110710071600
001001060321620110710071900
001001047309520110710071900
001001171650720110710072000
001000831353620110710072100
001000832114320110710072100
001001170597620110710072100
001001029491420110710072100
001001015184120110710072100
001001015187420110710072200
001001096628620110710072200
001000998389120110710072200
001000998817120110710072200
001000998814020110710072200
001000998043120110710072300
001001003106320110710072300
001001056483320110710072300
001001015079120110710072300
001001015129620110710072300
001001024014720110710072300
001001024017420110710072300
001001170275820110710072400
001001324626820110710072500
001000997402120110710072500
001001503892520110710072500
001000998808420110710072500
001001077990420110710072500
001001096631720110710072500
001001017326020110710072500
001001048253520110710072500
001000997330420110710072600
001001171004520110710072600
001000436804020110710072600
001000993169920110710072600
001001030480720110710072700
001001170417620110710072700
001001015097120110710072700
001001502199320110710072700
001001169915620110710072900
001001015079120110710163100
001001093962220110710163100
001001024012120110710163100
001001093951920110710163100
001001093951920110710163200
001001171424720110710163200
001000993169920110710163200
001001070438920110710163200
001001569181520110710163200
001000983098220110710163200
001001502199320110710163200
001001503091820110710163200
001001171004520110710163200
001001504077220110710163200
001001504077220110710163200
001001452680920110710163200
001001452680920110710163200
001001452680920110710163200
001000983064320110710163200
001000983064320110710163200
001001059097620110710180100
001001059097620110710180100
001001059097620110710180100
001001059097620110710180200
001000997307720110711045300
001000997307720110711045300
001000997307720110711045300
001001059097620110711054300
001001059097620110711054400
001001059097620110711054400
001001059097620110711054400
001000829676320110711064900
001001036103320110711065400
001001036103320110711065400
001001036103320110711065400
001001170845720110711065400
001001170845720110711065400
001001170845720110711065400
001001170845720110711065400
001001170845720110711065400
001001170845720110711065400
001001452890320110711065500
001001451732720110711065500
001000831474220110711065500
001000831474220110711065500
001001031613920110711065500
001001031613920110711065500
001000831353620110711065800
001000830928420110711065900
001000831422520110711065900
001001504077220110711065900
001001504077220110711065900
001001504077220110711065900
001000831770020110711070000
001000832114320110711070000
001001453557820110711070100
001000830856520110711070200
001001265983320110711070300
001000829801920110711070400
001000832264320110711070400
001000830846720110711070500
001000830559420110711070600
001001503054520110711071000
001001266397920110711071000
001001075782420110711071000
001001502554120110711071000
001001048004620110711071000
001001095689220110711071000
001001096308020110711071000
001001018338920110711071000
001001169913520110711071000
001001077135720110711071000
001000993172520110711071000
001000998026120110711071000
001001078637820110711071000
001001170675520110711071000
001001077136620110711071000
001001096633820110711071000
001001015079120110711071000
001001118931320110711071000
001001069878420110711071000
001000435548720110711071000
001001169912720110711071000
001001015117020110711071000
001001504307120110711071000
001001093039420110711071000
001001013688220110711071000
001001452131120110711071000
001001567883820110711071000
001001170121620110711071000
001001031616520110711071000
001001170579420110711071000
001001170579420110711071000
001001502431720110711071000
001001001719120110711071000
001001504117120110711071100
001001088435520110711071100
001000831329220110711071100
001000831234520110711071100
001001169280720110711071100
001001171836220110711071100
001001568044420110711071100
001001502581320110711071100
001001087721320110711071100
001001501923220110711071100
001001169503120110711071100
001001169503120110711071100
001000831821820110711071100
001001051087020110711071100
001001093951920110711071100
001001093951920110711071100
001000831584620110711071100
001001058829520110711071100
001000831836320110711071100
001000830744520110711071100
001001070436220110711071100
001000436489320110711071100
001001014899020110711071100
001001170433520110711071200
001000830010520110711071200
001000830911620110711071200
001001503353820110711071200
001001171776420110711071200
001001268531820110711071200
001000983180420110711071200
001001120250620110711071200
001001451691120110711071200
001001169945220110711071200
001000831447820110711071200
001001047309520110711071200
001000830715820110711071200
001000832101620110711071200
001001452945720110711071300
001000830451220110711071300
001001070433620110711071300
001001171549520110711071300
001001170301920110711071300
001000831069920110711071300
001001169368820110711071300
001001047168620110711071400
001001050597520110711071400
001001501908920110711071400
001001453301420110711071400
001001077138320110711071400
001001170047320110711071500
001000981604020110711071500
001001119401820110711071500
001001171556020110711071500
001001096152620110711071500
001000830794120110711071500
001000829602420110711071500
001001504362320110711071500
001001451365620110711071500
001001035527220110711071600
001000830487220110711071600
001001095686520110711071600
001000830137120110711071600
001000829554620110711071600
001001503739920110711071600
001001171580020110711071600
001001047323120110711071600
001001169790520110711071600
001001501948020110711071600
001001171365620110711071600
001001096628620110711071600
001001169750520110711071600
001001504134520110711071600
001000998408420110711071600
001000437587920110711071600
001001267045920110711071600
001001169807920110711071700
001001070437520110711071700
001001502725720110711071700
001000993169920110711071700
001001171186920110711071700
001001171349020110711071700
001001018474820110711071700
001001567491120110711071700
001001452562120110711071700
001000831616120110711071700
001001267811320110711071800
001000830216220110711071800
001001047350420110711071800
001001047350420110711071800
001000830324720110711071800
001001169942520110711071800
001001451353820110711071800
001001170980120110711071800
001001049704720110711071800
001001018472220110711071800
001001170485120110711071800
001001567989620110711071800
001000830059920110711071800
001001267840420110711071800
001001169251720110711071900
001001169803020110711071900
001001035524720110711071900
001001095579420110711071900
001000983159220110711071900
001001062334820110711071900
001001054395220110711071900
001001052484320110711071900
001001095561720110711071900
001001015281620110711071900
001001070432320110711071900
001001062438920110711071900
001001170701220110711071900
001001267409720110711071900
001001016012220110711072000
001000077627420110711072000
001000983176120110711072000
001001171190720110711072000
001001171916220110711072000
001001171511120110711072000
001000982160020110711072000
001000057598420110711072000
001001267260320110711072000
001001088438120110711072100
001001171113920110711072100
001001096911120110711072100
001001501780720110711072100
001001171094020110711072100
001001170687320110711072100
001001015185320110711072100
001001171650720110711072100
001000996595920110711072100
001001170004120110711072100
001000831107120110711072100
001001169830220110711072100
001001169273220110711072100
001000436251120110711072100
001001171444620110711072100
001001502350620110711072200
001001171771220110711072200
001001568674720110711072200
001001169902420110711072200
001001170228620110711072200
001000831244420110711072200
001001062274320110711072200
001001062250220110711072200
001000831183520110711072200
001001171122020110711072200
001001057259920110711072200
001001004542420110711072200
001001060321620110711072200
001001170475020110711072200
001001501822520110711072200
001000983486820110711072200
001001568018920110711072200
001001170245320110711072200
001000998246520110711072300
001000832042320110711072300
001000988035020110711072300
001001171105420110711072300
001001058763220110711072300
001000830119420110711072300
001000831530420110711072300
001001169563220110711072300
001000998020820110711072300
001001060301320110711072300
001001120782520110711072300
001001503393120110711072300
001001093064120110711072300
001001170597620110711072300
001001267608420110711072300
001001502634220110711072300
001001074901520110711072300
001000983972720110711072300
001001169319220110711072300
001000998817120110711072300
001001054397720110711072300
001001503415120110711072300
001000436993920110711072300
001001170639020110711072300
001001096913720110711072300
001001170559620110711072300
001000997330420110711072300
001001169789320110711072300
001001567055120110711072400
001001057262520110711072400
001001005592320110711072400
001001504234820110711072400
001001453628220110711072400
001000998811920110711072400
001001453058220110711072400
001000998635220110711072400
001001070429520110711072400
001001267194520110711072400
001001169747420110711072400
001001170471920110711072400
001001267455420110711072400
001001015636320110711072400
001000829530620110711072400
001001503416620110711072400
001000437398020110711072400
001000829966020110711072400
001000982484720110711072400
001000830463920110711072400
001000992633620110711072400
001001503528020110711072400
001001078745220110711072400
001001171023420110711072400
001000829905720110711072400
001001096154520110711072400
001001058033820110711072400
001001058781320110711072400
001001016017420110711072400
001000980978120110711072400
001000831379420110711072400
001000831550620110711072500
001000831206120110711072500
001000830039420110711072500
001000830174120110711072500
001001093962020110711072500
001001569536820110711072500
001001503941620110711072500
001001047298720110711072500
001000983106220110711072500
001000998809720110711072500
001001080365420110711072500
001001093962220110711072500
001001451424120110711072500
001001096629120110711072500
001001171910020110711072500
001001504467420110711072500
001001504467420110711072500
001000436336020110711072500
001000436537420110711072500
001001453519420110711072500
001000980498420110711072500
001001267484720110711072500
001001501819920110711072500
001001015187420110711072500
001001015281320110711072500
001001567483420110711072500
001000983084720110711072500
001000983084720110711072500
001001094537120110711072500
001001075797820110711072500
001001062271720110711072500
001001170268520110711072500
001001170550820110711072500
001000998389120110711072500
001001503145520110711072500
001001096631720110711072500
001001503163020110711072600
001001567928520110711072600
001000981821720110711072600
001001035607220110711072600
001001169857920110711072600
001001024017420110711072600
001001048252420110711072600
001001501747720110711072600
001001056502320110711072600
001001171231120110711072600
001000998388520110711072600
001001501920620110711072600
001001003106320110711072600
001001171410020110711072600
001001503880320110711072600
001001088432920110711072600
001001056480920110711072600
001000830715620110711072600
001001095670320110711072600
001001267010820110711072600
001001058768320110711072600
001000830658220110711072600
001001029491420110711072600
001000829951520110711072600
001000983485720110711072600
001001171424720110711072600
001000995765220110711072600
001001452898720110711072600
001000830710720110711072600
001001171396520110711072700
001001170216820110711072700
001001170443820110711072700
001001170443820110711072700
001000436804020110711072700
001001502433220110711072700
001001171791720110711072700
001001503740820110711072700
001000998808820110711072700
001000830928320110711072700
001001170894120110711072700
001001070437420110711072700
001001169206820110711072700
001000998409020110711072700
001001504314720110711072700
001001000269820110711072700
001001502127020110711072700
001001567170020110711072700
001001169743920110711072700
001001013411220110711072700
001001040249720110711072700
001001568598720110711072700
001001502687720110711072700
001000998021320110711072800
001001077990420110711072800
001000998808420110711072800
001000829929020110711072800
001001502044020110711072800
001001077134020110711072800
001001001717720110711072800
001001170663020110711072800
001001171873420110711072800
001000998023820110711072800
001001501847420110711072800
001001170379220110711072800
001000998809320110711072800
001001502758320110711072900
001001171725420110711072900
001001069884720110711072900
001001013869120110711072900
001001267928020110711072900
001001001721720110711072900
001001170614920110711072900
001001170637920110711072900
001001169915620110711073000
001001017326020110711073000
001000983098220110711073000
001001060301420110711073000
001001096327320110711073000
001001015097120110711073000
001001169636820110711073000
001000436021920110711073000
001001169305620110711073000
001000996592220110711073200
001000996592220110711073200
002001501847420110709163000
002001095585120110709163000
002001171918020110709163000
002000832042320110709163000
002001054400320110709163000
002001070438920110709163000
002000832022720110709163000
002001055781520110709163000
002001055781520110709163000
002000829602420110709163000
002000436402420110709163000
002001119401820110709163100
002001502959320110709163100
002001171810720110709163100
002001077793420110709163100
002000983086420110709163100
002001503393120110709163100
002001502553220110709163100
002000831893520110709163100
002001170430420110709163100
002000830487220110709163100
002000830137120110709163100
002001169987520110709163100
002001503048720110709163100
002001095686520110709163100
002001094537120110709163100
002001502687720110709163100
002001169857920110709163100
002000831353620110709163100
002000983147520110709163100
002001094531920110709163100
002001567928520110709163100
002001501822520110709163100
002001266397920110709163100
002001035607220110709163100
002001070436320110709163100
002000980551320110709163100
002001502435220110709163100
002001169747420110709163100
002000077627420110709163100
002001169339020110709163100
002001503739920110709163100
002000829554620110709163100
002001018474820110709163100
002001096152620110709163100
002001267455420110709163100
002001031616520110709163100
002001567170020110709163100
002000981821720110709163100
002001503163020110709163200
002000829951520110709163200
002000831422520110709163200
002001169273220110709163200
002000830658220110709163200
002000998808820110709163200
002001170637920110709163200
002001170275820110709163200
002001170597620110709163200
002001077990420110709163200
002001502634220110709163200
002001169915620110709163200
002001075797820110709163200
002000998808420110709163200
002001503880320110709163200
002000830794120110709163200
002001029491420110709163200
002001069886220110709163200
002000982477220110709163200
002001171766220110709163200
002001052545020110709163200
002000983486820110709163200
002001050597520110709163200
002000998026120110709163200
002001077134020110709163200
002000998389120110709163200
002000830244520110709163200
002001017326020110709163200
002001056502320110709163200
002001024014720110709163200
002001501747720110709163200
002001170475020110709163200
002001000269820110709163200
002000830643320110709163200
002001504314720110709163200
002001060301320110709163200
002001093064120110709163200
002001096616420110709163200
002001096629120110709163200
002001015129620110709163200
002001070437520110709163200
002001069878420110709163200
002001054397720110709163200
002001503740820110709163200
002001095670320110709163200
002000832264320110709163300
002001015636320110709163300
002000983098220110709163300
002001170559620110709163300
002001503353820110709163300
002001077136620110709163300
002001267378720110709163300
002001014899020110709163300
002001266117620110709163300
002001078435420110709163300
002000830324720110709163300
002001035604620110709163300
002000998409020110709163300
002001070437420110709163300
002000437580520110709163300
002001501920620110709163300
002001170675520110709163300
002001171320020110709163300
002001171841520110709163300
002001024017420110709163300
002001005589720110709163300
002000830856520110709163300
002000993172520110709163300
002001169902420110709163300
002001048252420110709163300
002001171869520110709163300
002001568674720110709163300
002001003106320110709163300
002001015079120110709163300
002001096633820110709163300
002001096634320110709163300
002001060321620110709163300
002001015281320110709163300
002001053467320110709163300
002001054395220110709163300
002001039247920110709163300
002001169206820110709163300
002001169949920110709163300
002000830928320110709163300
002001170894120110709163300
002001170614920110709163300
002001170614920110709163300
002001169743920110709163400
002001013411220110709163400
002001070433620110709163400
002001031613920110709163400
002001031613920110709163400
002001059092420110709163400
002001072191420110709163400
002001058781320110709163400
002001093962220110709163400
002001504100820110709163400
002000983984920110709163400
002000984611320110709163400
002000830846720110709163400
002001503054520110709163400
002001268531820110709163400
002001265983320110709163400
002001062271720110709163400
002001062274320110709163400
002001015185320110709163400
002000998635220110709163400
002001451424120110709163400
002001170121620110709163400
002001169235920110709163400
002001047323120110709163400
002001170047320110709163400
002001504210320110709163400
002001051087020110709163400
002001095668620110709163400
002000988035020110709163400
002001504327420110709163400
002001062334820110709163400
002001058846520110709163400
002000995757320110709163400
002001120948420110709163400
002001170794420110709163400
002001170310720110709163400
002001013055320110709163400
002001096327320110709163400
002001095255720110709163500
002000058038120110709163500
002001052123620110709163500
002001503729020110709163500
002001502753720110709163500
002000436970120110709163500
002001266453420110709163500
002001056478320110709163500
002001056484420110709163500
002001018338820110709163500
002001170174020110709163500
002001055781220110709163500
002001056481920110709163500
002000998811420110709163500
002000998385720110709163500
002001053472520110709163500
002001013871720110709163500
002000983161820110709163500
002001267928020110709163500
002001171186920110709163500
002001171836220110709163500
002001171549520110709163500
002000830711220110709163500
002000830596720110709163500
002000995760020110709163500
002000830247220110709163500
002001504194320110709163500
002001056502220110709163500
002001095582520110709163500
002000980498420110709163500
002000829676320110709163500
002000831972820110709163500
002001077783320110709163500
002001018341520110709163500
002001078637820110709163500
002001050765120110709163500
002001503063020110709163500
002000830010520110709163500
002001169833620110709163500
002001078651520110709163500
002001001708520110709163500
002001169508720110709163500
002001503807620110709163500
002000831206120110709163500
002001169189020110709163500
002001267010820110709163600
002001171349020110709163600
002001452890320110709163600
002001004524320110709163600
002000830866520110709163600
002001062250220110709163600
002001171094020110709163600
002001062269920110709163600
002001566944320110709163600
002001047298720110709163600
002000998809720110709163600
002001048006520110709163600
002000830124820110709163600
002001169280720110709163600
002001171365620110709163600
002001058783920110709163600
002001502554120110709163600
002000830517620110709163600
002001170428620110709163600
002000830725620110709163600
002001501706920110709163600
002001169508520110709163600
002000831530420110709163600
002000831447820110709163600
002001169945220110709163600
002001569379320110709163600
002001170828020110709163600
002001075782420110709163600
002000831244420110709163600
002001451732720110709163600
002001169830220110709163600
002000830710720110709163600
002000830790020110709163600
002000832153120110709163600
002001015133420110709163600
002001015193320110709163600
002001169220420110709163600
002000831193920110709163600
002001040249720110709163600
002000980992620110709163600
002001171657820110709163700
002000831275320110709163700
002001169807920110709163700
002000980543820110709163700
002000830363820110709163700
002001452608320110709163700
002001169494720110709163700
002000829801920110709163700
002001171063420110709163700
002001078737420110709163700
002001452448420110709163700
002001169251720110709163700
002001170433520110709163700
002001074901520110709163700
002001171252120110709163700
002001015189320110709163700
002001062440620110709163700
002000830715620110709163700
002001171475020110709163700
002000831701620110709163700
002001171916220110709163700
002001095687520110709163700
002001171571920110709163700
002001015185420110709163700
002000998391020110709163700
002000998391020110709163700
002001171725420110709163700
002001171410020110709163700
002001169319220110709163700
002000831973120110709163700
002001501923220110709163700
002001171556020110709163700
002001453039720110709163700
002000057598420110709163700
002001170910320110709163700
002001171905820110709163700
002000058300720110709163700
002000830451220110709163700
002000829550720110709163700
002001169789320110709163800
002000984553220110709163800
002001503178220110709163800
002001267608420110709163800
002001170049020110709163800
002001093951920110709163800
002001267409720110709163800
002001093951920110709163800
002001170180520110709163800
002001267260320110709163800
002001171791720110709163800
002001453584320110709163800
002001171231120110709163800
002001078899420110709163800
002001056483320110709163800
002001056483320110709163800
002001171444620110709163800
002001169655720110709163800
002001266918620110709163800
002001453557820110709163800
002001453557820110709163800
002001267045920110709163800
002001169847120110709164100
002000983064320110710065000
002001504077220110710065000
002001059092420110710163100
002001452680920110711065300
002001452680920110711065300
002001452680920110711065300
002001266918620110711072400
002000998391020110711072500
002000998391020110711072500
002001078697520110711072600
004001170180520110709130800
004000995762720110709153000
004001050599920110709153000
004000998408420110709153000
004001001717720110709153000
004001504479720110709153000
004001096154520110709153000
004000983149220110709153000
004001170993120110709153000
004001171596020110709153000
004001056481820110709153000
004001502758320110709153000
004001503415120110709153100
004001093728820110709153100
004001502379020110709153100
004001169980620110709153200
004000830039420110709153600
004000831107120110709153600
004001170454120110709163000
004000983178720110709163000
004000830634720110709163000
004001031610420110709163000
004001171026320110709163000
004001057260220110709163000
004001170722820110709163000
004001047313920110709163000
004001171418320110709163000
004000983483020110709163000
004001503405020110709163000
004001120815520110709163000
004001567989620110709163000
004001058763220110709163000
004000437398020110709163000
004001452865720110709163000
004001037386020110709163000
004001501692820110709163000
004000830216220110709163000
004000830216220110709163000
004001047324020110709163000
004000831769820110709163000
004001170342920110709163000
004001170476220110709163000
004000078158620110709163000
004000998811920110709163100
004000436039720110709163100
004001058768320110709163100
004001170371920110709163100
004001059378520110709163100
004000831035620110709163100
004000983176120110709163100
004001079203720110709163100
004001504436420110709163100
004001502433220110709163100
004001080365420110709163100
004000998025720110709163100
004001078829320110709163100
004001503921020110709163100
004001568311720110709163100
004000436499420110709163100
004001171066020110709163100
004000998809320110709163100
004001070431020110709163100
004000437587920110709163100
004000984388920110709163100
004001171700320110709163100
004001502410620110709163100
004001070434920110709163100
004001504234820110709163100
004001077243520110709163100
004001567359220110709163100
004001568669520110709163100
004001169976820110709163100
004001503892520110709163100
004000057151620110709163100
004001453326320110709163100
004000983159220110709163100
004001070436220110709163100
004001169592620110709163100
004001504117120110709163100
004001077518620110709163100
004001077138320110709163100
004000831020320110709163100
004001170443820110709163100
004000435548720110709163100
004001502350620110709163100
004001047309520110709163200
004001171650720110709163200
004001013688220110709163200
004000831246420110709163200
004001169406520110709163200
004000831136120110709163200
004001268059420110709163200
004000832041420110709163200
004001502605820110709163200
004000981604020110709163200
004001453058220110709163200
004001015200920110709163200
004001087721320110709163200
004000057171120110709163200
004001170579420110709163200
004000998043120110709163200
004000998021320110709163200
004001096646220110709163200
004001096628620110709163200
004001015118120110709163200
004000992807820110709163200
004001170655520110709163200
004001453628220110709163200
004001014793120110709163200
004001075796720110709163200
004001001721720110709163200
004000831367520110709163200
004001452433720110709163200
004000830589820110709163200
004001503768920110709163200
004001088435520110709163200
004001088435520110709163200
004001059381020110709163200
004001050767720110709163200
004001170870820110709163200
004001268536420110709163200
004001451561020110709163200
004001267609120110709163200
004001171168120110709163200
004001058763120110709163200
004001453726420110709163200
004000997330920110709163200
004001501819920110709163200
004000997402120110709163300
004001504418720110709163300
004001170550820110709163300
004001171894720110709163300
004001169518020110709163300
004001077135720110709163300
004001058768220110709163300
004001048245720110709163300
004001504134520110709163300
004000983083820110709163300
004000437834420110709163300
004000992630620110709163300
004001452397520110709163300
004001088438120110709163300
004000831730720110709163300
004001170245320110709163300
004001087718720110709163300
004001056502120110709163300
004000832114320110709163300
004001568746320110709163300
004001170080320110709163300
004000831616120110709163300
004001078745220110709163300
004001096313120110709163300
004001047362420110709163300
004001170485120110709163300
004001171023420110709163300
004001268610420110709163300
004001047329320110709163300
004001452120420110709163300
004000998814020110709163300
004001015117020110709163300
004001015142120110709163300
004000998386420110709163300
004001035607520110709163300
004001171910020110709163300
004000436336020110709163300
004001502987220110709163300
004001503941620110709163300
004001502529220110709163300
004000830119420110709163300
004001451691120110709163300
004001013695120110709163300
004001170337720110709163400
004001170042020110709163400
004001096308020110709163400
004001171456620110709163400
004001055783820110709163400
004001062460320110709163400
004001029491320110709163400
004001569536820110709163400
004001016015520110709163400
004000830664720110709163400
004001095666020110709163400
004001030480720110709163400
004000985604420110709163400
004001169380020110709163400
004001171004520110709163400
004001170026220110709163400
004000831818620110709163400
004001567425520110709163400
004001502324620110709163400
004001504383020110709163400
004001062441520110709163400
004001053466820110709163400
004001569181520110709163400
004000435192220110709163400
004001095666320110709163400
004001095666320110709163400
004001501954420110709163400
004001569558720110709163400
004001453068420110709163400
004001323853720110709163400
004001096631720110709163400
004001059375920110709163400
004001502611320110709163400
004001170079520110709163400
004001169381320110709163400
004001013869120110709163400
004000831069920110709163400
004000831726820110709163400
004001171771220110709163400
004001170968020110709163400
004001062461220110709163400
004001169916120110709163400
004001076567920110709163400
004001503360120110709163500
004001070433720110709163500
004001079237820110709163500
004001070429520110709163500
004001037388520110709163500
004001056479220110709163500
004001171295720110709163500
004001502233120110709163500
004001018472220110709163500
004001503445020110709163500
004001170228620110709163500
004000984558520110709163500
004001501991520110709163500
004001452945720110709163500
004001094532220110709163500
004001053469420110709163500
004001088430820110709163500
004001014014820110709163500
004000986761820110709163500
004001267192520110709163500
004001056480820110709163500
004000995759920110709163500
004001170261420110709163500
004001452898720110709163500
004001055798920110709163500
004001503236420110709163500
004000980791120110709163500
004001567598520110709163500
004001568933120110709163500
004000436993920110709163500
004001069884720110709163500
004001035596320110709163500
004001451290320110709163500
004001169208620110709163500
004000995757420110709163500
004001069878520110709163500
004001078488920110709163500
004001502942420110709163500
004000435533720110709163500
004000998023820110709163500
004000830509520110709163500
004000995765220110709163500
004001093962020110709163500
004001170313120110709163600
004001170687320110709163600
004001096310520110709163600
004001088433420110709163600
004001452562120110709163600
004000998246520110709163600
004000830551220110709163600
004000829530620110709163600
004001567483420110709163600
004001503416620110709163600
004000057012720110709163600
004001013871820110709163600
004000830463920110709163600
004001502312020110709163600
004001095561720110709163600
004000436021920110709163600
004001057262520110709163600
004001087701120110709163600
004001015770720110709163600
004000831227520110709163600
004001502444720110709163600
004001088430320110709163600
004001169437320110709163600
004000830352820110709163600
004000830415620110709163600
004000830454420110709163600
004000998224820110709163600
004001170426020110709163600
004000830482920110709163600
004001035527220110709163600
004001096146720110709163600
004001005592320110709163600
004000831234520110709163600
004001169259820110709163600
004001170701220110709163600
004001569327720110709163600
004001171105420110709163600
004001452998520110709163600
004001502105520110709163600
004000987376320110709163600
004001016016120110709163600
004001568044420110709163600
004001013448220110709163600
004001047068920110709163700
004001047070020110709163700
004001169305620110709163700
004001003912620110709163700
004001502581320110709163700
004001003936620110709163700
004000832114620110709163700
004000831379420110709163700
004001171574820110709163700
004001169504120110709163700
004001035594020110709163700
004001169942520110709163700
004001170091620110709163700
004001171679920110709163700
004000997184720110709163700
004000830230720110709163700
004000830109120110709163700
004001171171920110709163700
004001170628520110709163700
004000998023420110709163700
004001015190620110709163700
004001453455420110709163700
004001070432220110709163700
004001171007520110709163700
004001078697520110709163700
004001016017420110709163700
004001015132220110709163700
004001451456420110709163700
004001169490720110709163700
004001169311320110709163700
004001171763520110709163700
004001171190720110709163700
004000829675020110709163700
004001569406820110709163700
004001171789120110709163700
004001171440820110709163700
004001079046220110709163700
004001096151920110709163700
004001015132120110709163800
004001170918820110709163800
004000830848420110709163800
004001169503120110709163800
004001120250620110709163800
004001052026320110709163800
004001502274920110709163800
004001501916320110709163800
004001170187320110709163800
004000056261020110709163800
004001003934420110709163800
004001170551520110709163800
004000831073020110709163800
004001029493920110709163800
004001057259920110709163800
004000832229520110709163800
004001171287820110709163800
004001047350420110709163800
004001047350420110709163800
004001503482920110709163800
004000831474220110709163900
004001080369020110709164000
004000830559420110709165300
004001502230820110709165500
004000983480120110709165500
004001036103320110709165500
004000983064320110709165500
004001170686720110709165500
004001501962620110709165500
004001169957320110709165500
004001452680920110709165500
004000983484120110709165500
004001087719220110709165500
004001504077220110709165500
004001047379520110709165500
004001047379520110709165500
004001088436020110709165500
004001088435520110710052300
004001088435520110710052300
004001093962220110710070100
004001093951920110710070200
004001087721320110710070500
004000057171120110710070800
004000983486820110710071200
004001047329320110710071300
004000983098220110710071300
004001504134520110710071300
004001077135720110710071300
004001171766220110710071600
004001169563220110710071600
004001567580520110710071600
004001169916120110710071600
004001503091820110710071600
004000992630620110710071600
004001070438920110710071600
004000997330920110710071600
004001170080320110710071600
004001568746320110710071600
004001569181520110710071700
004001170077420110710071700
004001016015520110710071700
004001169887520110710071700
004001504234820110710071700
004001070432220110710071700
004001070433720110710071700
004000998386420110710071800
004000998020820110710071900
004001169976820110710071900
004000436039720110710072000
004001018472220110710072000
004001096629120110710072000
004001569558720110710072000
004001453068420110710072000
004001062461220110710072100
004001000269820110710072100
004001059092420110710072200
004001502233120110710072200
004001058768220110710072200
004001170026220110710072200
004001171424720110710072200
004000831818620110710072300
004001024012120110710072500
004001451424120110710072500
004000998635220110710072500
004001169636820110710072700
004001502611320110710072800
004000998809320110710072800
004001004544320110710072900
004001451958220110710072900
004001052121020110710073800
004000998814020110710113300
004000998814020110710113300
004001056483320110710113400
004001047329320110710113400
004001005589720110710121300
004001169563220110710163000
004001052121020110710163000
004000436039720110710163000
004001171766220110710163000
004001087721320110710163000
004001169976820110710163000
004001024014720110710163000
004000998817120110710163000
004000057171120110710163100
004001087721820110710163100
004001003106320110710163100
004001169915620110710163100
004001015184120110710163100
004001096631720110710163100
004001453068420110710163100
004001569558720110710163100
004000998389120110710163100
004001170579420110710163100
004001170579420110710163100
004001048253520110710163100
004000998386420110710163100
004001170597620110710163100
004001504134520110710163100
004001324626820110710163100
004000997330420110710163100
004001077135720110710163100
004001029491420110710163100
004001077990420110710163100
004001170275820110710163100
004001504234820110710163100
004001567580520110710163100
004001016015520110710163100
004001000269820110710163100
004000998020820110710163100
004001169916120110710163100
004000998808420110710163100
004001568674720110710163100
004001169636820110710163100
004001169902420110710163100
004001451958220110710163100
004001060321620110710163100
004000983486820110710163100
004001096629120110710163100
004001451424120110710163100
004001170077420110710163100
004001171650720110710163100
004001015187420110710163100
004001502611320110710163100
004000997402120110710163100
004001054395220110710163100
004000998635220110710163100
004000831818620110710163100
004001015129620110710163200
004001047309520110710163200
004000998026120110710163200
004001503892520110710163200
004001170417620110710163200
004000436804020110710163200
004000992630620110710163200
004001030480720110710163200
004000998809320110710163200
004001015097120110710163200
004001568746320110710163200
004000998388520110710163200
004000993172520110710163200
004001004544320110710163200
004001170080320110710163200
004001018472220110710163200
004001062461220110710163200
004000997330920110710163200
004001024017420110710163200
004001005589720110710163200
004001170026220110710163200
004001169887520110710163200
004001058768220110710163200
004001070432220110710163200
004001070433720110710163200
004001171004520110710163200
004001096628620110710163200
004001017326020110710163200
004000998043120110710163200
004001502233120110710163200
004000832114320110710163200
004001076645620110710163200
004000831353620110710163200
004001170845720110710163300
004001170845720110710163300
004001170845720110710163300
004001170845720110710163300
004001170845720110710163300
004001170845720110710163300
004000831770020110710163400
004001088435520110710180100
004001088435520110710180100
004001059092420110711062400
004001170686720110711063900
004001502230820110711063900
004001088436020110711065000
004000983480120110711065000
004001047379520110711065000
004001047382820110711065100
004000983064320110711065200
004001016018720110711065500
004000058038120110711065500
004001096308020110711065500
004001169397020110711065500
004001074901620110711065600
004001093037920110711065600
004001018338920110711065600
004001087719220110711065900
004001087719220110711065900
004001501962620110711065900
004001501962620110711065900
004001169957320110711065900
004000983484120110711065900
004000437532220110711071000
004001070431020110711071000
004001096646220110711071000
004001502529220110711071000
004001566944320110711071000
004001018341520110711071000
004001266117620110711071000
004001018338820110711071000
004001171324220110711071000
004001451732720110711071000
004001171252120110711071000
004001503652920110711071000
004001013695120110711071000
004001013055320110711071000
004001502233120110711071000
004001088430320110711071000
004000983483020110711071000
004000984558520110711071000
004000996594920110711071000
004000984611320110711071000
004001452120420110711071000
004001016018720110711071000
004001077783320110711071000
004001093037920110711071000
004001076567920110711071000
004001074901620110711071000
004001078435420110711071000
004000830596720110711071000
004000983144920110711071000
004001171766220110711071000
004001568933120110711071000
004001502903920110711071000
004000984610220110711071100
004000983177820110711071100
004001062441520110711071100
004001502942420110711071100
004001171574820110711071100
004001503048720110711071100
004000830711220110711071100
004000983083820110711071100
004001502410620110711071100
004001169397020110711071100
004001095255720110711071100
004001169887520110711071100
004000058038120110711071100
004001077243520110711071100
004000830517620110711071100
004001268059420110711071100
004000831193920110711071100
004000078444420110711071100
004001059378520110711071100
004001171078820110711071100
004001170568620110711071100
004001169220420110711071100
004001047362420110711071100
004000830464320110711071200
004001078711820110711071200
004001052026220110711071200
004001169881720110711071200
004001171168120110711071200
004001503457620110711071200
004001015184120110711071200
004001502556420110711071200
004000831899320110711071200
004001452974820110711071200
004000829699920110711071200
004000829699920110711071200
004000831973120110711071200
004001169415720110711071200
004000436039720110711071200
004000831073020110711071200
004001003871820110711071200
004001087718720110711071200
004001170049020110711071200
004001502309320110711071200
004001052126220110711071200
004001503807620110711071200
004001569558720110711071200
004001453068420110711071200
004001062462920110711071200
004000830454420110711071200
004000830476820110711071300
004001170628520110711071300
004001095582020110711071300
004001171700320110711071300
004001503221820110711071300
004001170716520110711071300
004001169980620110711071300
004000983082120110711071300
004001070436320110711071300
004000829550720110711071300
004000435533720110711071300
004001078829320110711071300
004000435949020110711071300
004001568589020110711071300
004001169916120110711071300
004001503091820110711071300
004000987376320110711071300
004001171063420110711071300
004000980992620110711071300
004000832229520110711071300
004001170551520110711071300
004001016016120110711071300
004001035594020110711071300
004000830769220110711071300
004001170454120110711071300
004000995762620110711071300
004001502535520110711071300
004000984553220110711071300
004001502941120110711071300
004000829675020110711071400
004001503403620110711071400
004001171789120110711071400
004001169498020110711071400
004001170589020110711071400
004001503729020110711071400
004001053472520110711071400
004000831020320110711071400
004001170042020110711071400
004001171275120110711071400
004001171320020110711071400
004001050695720110711071400
004000832007720110711071400
004001047380220110711071400
004001005590020110711071400
004000829711420110711071400
004001169847120110711071400
004001170059520110711071400
004001170187320110711071400
004001077793420110711071400
004001037388520110711071400
004000830589820110711071500
004001170910320110711071500
004001035604620110711071500
004001169211620110711071500
004001095666020110711071500
004001504327420110711071500
004001452039720110711071500
004000830859920110711071500
004000058142420110711071500
004000057171120110711071500
004000985604420110711071500
004001170722820110711071500
004001171287820110711071500
004001504194320110711071500
004001170707120110711071500
004000830652520110711071500
004001052545020110711071500
004001266295720110711071500
004001056478320110711071500
004001053469420110711071500
004000830230720110711071500
004001502274920110711071500
004001170273320110711071500
004000983478520110711071500
004001504101620110711071600
004001451204520110711071600
004001056484420110711071600
004001039247920110711071600
004001169494720110711071600
004001502444720110711071600
004001047329320110711071600
004000997402120110711071600
004001169508720110711071600
004001078651520110711071600
004001170968020110711071600
004000983105320110711071600
004000437912020110711071600
004000986761820110711071600
004000831769820110711071600
004001503360120110711071600
004000980791120110711071600
004001079237820110711071600
004001170091620110711071600
004001503825220110711071700
004001169836220110711071700
004001171679920110711071700
004001053467320110711071700
004001088430820110711071700
004001504280920110711071700
004001048006520110711071700
004001453584320110711071700
004001070432220110711071700
004001501991520110711071700
004001169486120110711071700
004001087721820110711071800
004001031610420110711071800
004001014793120110711071800
004000830967320110711071800
004001567359220110711071800
004000831405120110711071800
004001504436420110711071800
004001056502220110711071800
004001452865720110711071800
004001047324020110711071800
004001171479120110711071800
004001501916320110711071800
004001070433720110711071800
004000831730720110711071800
004001504100820110711071800
004001037386020110711071800
004001268610420110711071800
004001048441020110711071800
004001015193320110711071800
004001170079520110711071800
004001170080320110711071900
004001452608320110711071900
004001452999820110711071900
004001095584620110711071900
004001170794420110711071900
004001050772920110711071900
004001029491320110711071900
004001003936620110711071900
004001503482920110711071900
004001003912620110711071900
004001503768920110711071900
004001453455420110711071900
004001171007520110711071900
004001171810720110711071900
004001056479220110711071900
004001078646220110711071900
004001075796720110711071900
004001058763120110711071900
004001078293220110711071900
004001079211920110711071900
004001054400320110711071900
004001015190520110711071900
004001078899420110711071900
004001170180520110711071900
004001170174020110711072000
004001004524320110711072000
004001502687820110711072000
004001170428620110711072000
004001452998520110711072000
004001050767720110711072000
004001062460320110711072000
004000998224820110711072000
004001171463320110711072000
004001013866620110711072000
004001452397520110711072000
004001022855320110711072000
004001169208620110711072000
004001095687520110711072000
004001452589420110711072000
004001058846520110711072000
004001170313120110711072000
004000830866520110711072000
004000829808520110711072000
004001503178220110711072100
004001171418320110711072100
004000831227520110711072100
004001003934420110711072100
004000058535120110711072100
004001171457220110711072100
004000831275320110711072100
004001053472020110711072100
004001502355320110711072100
004001096313120110711072100
004001171657820110711072100
004001170954820110711072100
004000830725620110711072100
004001504210320110711072100
004001567598520110711072100
004000983161820110711072100
004001096146720110711072100
004001171475020110711072100
004000983477420110711072100
004001171061220110711072100
004000831818620110711072100
004001093043120110711072100
004001169437320110711072100
004000998385720110711072100
004001502375420110711072200
004001056481920110711072200
004001503832220110711072200
004001502845620110711072200
004001169380020110711072200
004000999066320110711072200
004000830509520110711072200
004000830109120110711072200
004001096310520110711072200
004001169531220110711072200
004001504123620110711072200
004001078118020110711072200
004001569327720110711072200
004000831035620110711072200
004001453326320110711072200
004001451857220110711072200
004001503405020110711072200
004001451561020110711072200
004000997330920110711072200
004001047070020110711072300
004001170369720110711072300
004001169490720110711072300
004001120948420110711072300
004000998023420110711072300
004001004525620110711072300
004000983984920110711072300
004001569181520110711072300
004001013871720110711072300
004001502105520110711072300
004001171026320110711072300
004001568616620110711072300
004000998814020110711072300
004001062461220110711072300
004001015133420110711072300
004001502432620110711072300
004001267192520110711072300
004000830212320110711072300
004001015188020110711072300
004001170077420110711072300
004001171841520110711072300
004001502553220110711072300
004000830553320110711072300
004001056483320110711072300
004000998025720110711072300
004001453039720110711072300
004000998686120110711072300
004001569379320110711072300
004001015132120110711072300
004001015191920110711072300
004001050765120110711072300
004000058300720110711072400
004001171905820110711072400
004000831893520110711072400
004001170430420110711072400
004001092464620110711072400
004001052119920110711072400
004001016015520110711072400
004001502611320110711072400
004001024014720110711072400
004001171066020110711072400
004001015129620110711072400
004001070434920110711072400
004001014195420110711072400
004001048253520110711072400
004001171440820110711072400
004001569550920110711072400
004001169504120110711072400
004001169849620110711072400
004001096151920110711072400
004000829765120110711072400
004000830634720110711072400
004001169311320110711072400
004001504484120110711072400
004000437216220110711072400
004000831246420110711072400
004000830790020110711072400
004001502312020110711072400
004000437834420110711072400
004000992812420110711072400
004000832153120110711072400
004001030480720110711072400
004001567580520110711072400
004001169717420110711072400
004000830551220110711072400
004001015190620110711072400
004000983099920110711072500
004001055798920110711072500
004001055798920110711072500
004001056480820110711072500
004000995760020110711072500
004000995754820110711072500
004001501706920110711072500
004000831404220110711072500
004001035607520110711072500
004001502987220110711072500
004001504369320110711072500
004001504369320110711072500
004001035602320110711072500
004001015770720110711072500
004000995757320110711072500
004001080355820110711072500
004001080353120110711072500
004001170261420110711072500
004001055781220110711072500
004001055783820110711072500
004000995759920110711072500
004001053466820110711072500
004001170071520110711072500
004000830196320110711072500
004000831193920110711072500
004001503892520110711072500
004000998386420110711072500
004001170655520110711072500
004001078656820110711072500
004000998811420110711072500
004001501970120110711072500
004001504430120110711072500
004000983100820110711072500
004000830247220110711072500
004000830352820110711072600
004000057012720110711072600
004001169338120110711072600
004001502753720110711072600
004001502532020110711072600
004001056502120110711072600
004001069881120110711072600
004001169833620110711072600
004001501692820110711072600
004001014014820110711072600
004001052123620110711072600
004001171456620110711072600
004001088433420110711072600
004000983146620110711072600
004001452448420110711072600
004001171171920110711072600
004000997184720110711072600
004001171432220110711072600
004001095585120110711072600
004001503236420110711072600
004001056484520110711072600
004001170316120110711072600
004001050613820110711072600
004001047068920110711072600
004001169381320110711072600
004001052026320110711072600
004001170993120110711072600
004001503445020110711072600
004001503921020110711072600
004000831136120110711072600
004001169350220110711072600
004000980551320110711072600
004001502435220110711072600
004001040249420110711072600
004000992807820110711072700
004000998043120110711072700
004001452433720110711072700
004001171918020110711072700
004001058783920110711072700
004001171004520110711072700
004001078477220110711072700
004000436112820110711072700
004001024012120110711072700
004001052121020110711072700
004001503801020110711072700
004001050599920110711072700
004001170342920110711072700
004001170476220110711072700
004001171571920110711072700
004000435192220110711072700
004001095666320110711072700
004001568352820110711072700
004000829703920110711072800
004001047313920110711072800
004001047299820110711072800
004001047166220110711072800
004001503910520110711072800
004001096703420110711072800
004001047065220110711072800
004000984388920110711072800
004001050771320110711072800
004001004544320110711072800
004001169508520110711072800
004001001708520110711072800
004000832114620110711072800
004000437580520110711072800
004001015132220110711072800
004000437076120110711072800
004001015189320110711072800
004000830244520110711072800
004001062440620110711072800
004001266453420110711072800
004001001708520110711072800
004001080369020110711072800
004001502324620110711072800
004001013448220110711072800
004001170870820110711072800
004001323853720110711072800
004001453726420110711072800
004001069878520110711072800
004000436639320110711072900
004000830124820110711072900
004001013871820110711072900
004000830363820110711072900
004001171596020110711072900
004001169727720110711072900
004000830995620110711072900
004000831972820110711072900
004001503063020110711072900
004001504418720110711072900
004001015200920110711072900
004000829558920110711072900
004001568311720110711072900
004001169592620110711072900
004001169976820110711072900
004001569406820110711072900
004001169259820110711072900
004001005589720110711072900
004000830415620110711072900
004001170026220110711072900
004001504361620110711072900
004000831726820110711072900
004000832249520110711072900
004000831822920110711073000
004001069883720110711073000
004000830465020110711073000
004000830482920110711073000
004000831561820110711073000
004001568669520110711073000
004001058768220110711073000
004001267378720110711073000
004001094531920110711073000
004001070438920110711073000
004001169987520110711073000
004001170806720110711073000
004001015142120110711073000
004000983147520110711073000
004000831701620110711073000
004000830664720110711073100
004001093728820110711073100
004001170417620110711073100
004001170310720110711073100
004001171894720110711073100
004001171763520110711073200
004001451958220110711073200
004001266878620110711073200
004001502943420110711073200
004000831854420110711073500
004000995762720110711073500
004001169189020110711073600
004000983086420110711080000
004001503415120110711091700
004001169220420110711093700
001001096634320110711113800
001001171869520110711113800
002000984611320110711125900
002000984611320110711125900
002000984611320110711125900
001000998388520110711154600
001001170454120110711163000
001001501908920110711163000
001001453557820110711163000
001001452865720110711163100
001000830487220110711163100
001000830137120110711163100
001001169857920110711163100
001001501822520110711163100
001001035607220110711163100
001001095686520110711163100
001001094537120110711163100
001001503739920110711163100
001000829554620110711163100
001001094531920110711163100
001001567928520110711163100
001001569609820110711163100
001001567170020110711163100
001000981821720110711163100
001001503163020110711163100
001000436537420110711163100
001001266397920110711163100
001001169273220110711163100
001000831730720110711163100
001001095670320110711163100
001001170245320110711163100
001000830324720110711163100
001001080353120110711163100
001001171910020110711163100
001001058033820110711163100
001000830725620110711163100
001000830866520110711163200
001000983084720110711163200
001000983084720110711163200
001000829929020110711163200
001001502553220110711163200
001001062271720110711163200
001001171275120110711163200
001001074901520110711163200
001000983144920110711163200
001000832264320110711163200
001001504430120110711163200
001001070437420110711163200
001000831972820110711163200
001001568598720110711163200
001001568933120110711163200
001001502044020110711163200
001001170268520110711163200
001001503416620110711163200
001000830658220110711163200
001001078637820110711163200
001001029492220110711163200
001001070436320110711163200
001001093064120110711163300
001001093064120110711163300
001000998808820110711163300
001001070437520110711163300
001001069878420110711163300
001001062274320110711163300
001001015281320110711163300
001001569567120110711163300
001001503740820110711163300
001000830928320110711163300
001001014899020110711163300
001001170637920110711163300
001001078479720110711163300
001001075797820110711163300
001001169206820110711163300
001001170894120110711163300
001000998409020110711163300
001001119401820110711163300
001001170471920110711163300
001000831968620110711163300
001000436251120110711163400
001001169747420110711163400
001001267194520110711163400
001001503393120110711163400
001001171066020110711163400
001001267455420110711163400
001000830176320110711163400
001000831474220110711163800
001000831474220110711163800
001000980498420110711164400
001000982477220110711165700
002001070433620110711163200
002001054397720110711163200
002001078118020110711163200
002001267010820110711163200
002001013411220110711163200
002001013411220110711163200
002001169743920110711163200
002001060301320110711163200
002001170614920110711163300
004001504467420110711113100
004001080355820110711113100
004000992630620110711115400
004001170655520110711120100
004001171432220110711120200
004001170121620110711122000
004001170121620110711122000
004001452890320110711122000
004001452890320110711122000
004001170337720110711122300
004000982477220110711123700
004001170918820110711125200
004001171596020110711153000
004000998408420110711153000
004000995762720110711153000
004001001717720110711153000
004001056481820110711153000
004001050599920110711153000
004000436639320110711153000
004001004525620110711153000
004001096154520110711153100
004001170993120110711153100
004001062438920110711153100
004001093728820110711153100
004001502758320110711153100
004001170663020110711153200
004000831107120110711153500
004000830039420110711153500
004001169980620110711153700
004001170310720110711160000
004000830634720110711163000
004001070438920110711163000
004000983483020110711163000
004000997402120110711163000
004001503405020110711163100
004001567989620110711163100
004000831769820110711163100
004001087721320110711163100
004000983477420110711163100
004001087721820110711163100
004000983485720110711163100
004000983478520110711163100
004001170476220110711163100
004001170342920110711163100
004000998025720110711163100
004001077138320110711163100
004001022855320110711163100
004001453058220110711163100
004001080365420110711163100
004001452397520110711163100
004001266878620110711163100
004001502753720110711163100
004001569327720110711163100
004001088438120110711163100
004000437834420110711163100
004001169397020110711163100
004000436039720110711163100
004001096913720110711163100
004001502431720110711163100
004000436336020110711163200
004001171873420110711163200
004001024017420110711163200
004000981604020110711163200
004001171252120110711163200
004000999066320110711163200
004001169380020110711163200
004001502350620110711163200
004001267609120110711163200
004001075796720110711163200
004001452120420110711163200
004000830790020110711163200
004000832153120110711163200
004001504369320110711163200
004001504369320110711163200
004001452589420110711163200
004001047324020110711163200
004000984388920110711163200
004001069878520110711163200
004000831379420110711163200
004001502324620110711163200
004001095666020110711163200
004000831822920110711163200
004000983083820110711163300
004001047362420110711163300
004001169717420110711163300
004000983082120110711163300
004001070431020110711163300
004001047323120110711163300
004001052119920110711163300
004001062460320110711163300
004000436021920110711163300
004001058781320110711163300
004001504100820110711163300
004001266453420110711163300
004001078656820110711163300
004001047168620110711163300
004000830911620110711163300
004001037388520110711163300
004001050613820110711163300
004001056484520110711163300
004000983176120110711163300
004000831035620110711163300
004001170918820110711163400
004001171511120110711163400
004001058829520110711163400
004001502581320110711163800
004001080369020110711163800
004000983480120110711165500
004000983480120110711165500
004000983480120110711165500
001000997307720110711175800
001000997307720110711175800
001000997307720110711175800
001001059097620110711175800
001001059097620110711175800
001001059097620110711175800
001001059097620110711175800
001001502532020110711183000
001000830715820110711183000
001001171026320110711183000
001001171918020110711183000
001000832042320110711183000
001001054400320110711183000
001001453301420110711183000
001001169486120110711183000
001001502987220110711183000
001001502529220110711183000
001001503892520110711183000
001001502725720110711183000
001001170079520110711183100
001001170080320110711183100
001001171766220110711183100
001001078435420110711183100
001001015117020110711183100
001001171424720110711183100
001000831821820110711183100
001001031616520110711183100
001001088435520110711183100
001001088435520110711183100
001000998809320110711183100
001001015142120110711183100
001001169887520110711183100
001001169406520110711183100
001001169406520110711183100
001001056483320110711183100
001001502127020110711183100
001000829958920110711183100
001001568589020110711183100
001001014793120110711183100
001001266117620110711183100
001000830967320110711183100
001000983106220110711183100
001001170433320110711183100
001000830212320110711183100
001001504260120110711183100
001000983147520110711183100
001001055783820110711183100
001001504260120110711183100
001001093037920110711183200
001001170042020110711183200
001001013055320110711183200
001001504260120110711183200
001000831020320110711183200
001001056484420110711183200
001001088432920110711183200
001001170174020110711183200
001001170559620110711183200
001001015636320110711183200
001000435949020110711183200
001001504210320110711183200
001001170047320110711183200
001001170954820110711183200
001001569181520110711183200
001001171580020110711183200
001001018338820110711183200
001000983099920110711183200
001001078711820110711183200
001001502355320110711183200
001001171122020110711183200
001001088430820110711183200
001001267811320110711183200
001000980791120110711183200
001001170316120110711183200
001001170316120110711183200
001000995754820110711183200
001001323853720110711183200
001001035607520110711183200
001001056480820110711183200
001001040249420110711183200
001001053469420110711183200
001001047380220110711183200
001001569379320110711183200
001001005590020110711183200
001000829905720110711183200
001001077783320110711183200
001001502554120110711183200
001001169913520110711183200
001001095255720110711183200
001000058038120110711183300
001001096310520110711183300
001001052126220110711183300
001001016012220110711183300
001001013871820110711183300
001000437580520110711183300
001001567491120110711183300
001001047166220110711183300
001001096151920110711183300
001001048004620110711183300
001001056502220110711183300
001000984558520110711183300
001001050772920110711183300
001001452945720110711183300
001001001721720110711183300
001000830216220110711183300
001001015193320110711183300
001001118931320110711183300
001001057262520110711183300
001001504362320110711183300
001000829550720110711183300
001000830859920110711183300
001001452998520110711183300
001001013871720110711183300
001001048006520110711183300
001001503221820110711183300
001001501706920110711183300
001001053472020110711183300
001001171771220110711183300
001001171171920110711183300
001001055798620110711183300
001001169437320110711183300
001000831234520110711183300
001000831193920110711183300
001001078646220110711183300
001000983972720110711183300
001000997184720110711183300
001000992812420110711183300
001001169942520110711183300
001001169912720110711183300
001001567055120110711183300
001001016018720110711183300
001000832114620110711183400
001001035602320110711183400
001000831447820110711183400
001001078651520110711183400
001000830124820110711183400
001001120250620110711183400
001001503832220110711183400
001001170806720110711183400
001001171410020110711183400
001000984610220110711183400
001001503403620110711183400
001000830596720110711183400
001000829703920110711183400
001000830551220110711183400
001001503801020110711183400
001001047068920110711183400
001001047070020110711183400
001000830109120110711183400
001000831353620110711183400
001001169494720110711183400
001001171916220110711183400
001001171725420110711183400
001001453455420110711183400
001001171479120110711183400
001001015132220110711183400
001001093039420110711183400
001001169531220110711183400
001001171810720110711183400
001001040249720110711183400
001001169319220110711183400
001000831854420110711183400
001001171365620110711183400
001001502309320110711183400
001001170687320110711183400
001000831227520110711183400
001001062440620110711183400
001000830928420110711183400
001000830553320110711183400
001000831701620110711183400
001000832007720110711183400
001001120782520110711183400
001000829602420110711183500
001000058535120110711183500
001001569550920110711183500
001001171463320110711183500
001000832249520110711183500
001000831561820110711183500
001000830465020110711183500
001000831584620110711183500
001001170433520110711183500
001001074901620110711183500
001001171789120110711183500
001001170443820110711183500
001001170910320110711183500
001001171700320110711183500
001001171168120110711183500
001001267840420110711183500
001000831275320110711183500
001001057259920110711183500
001001169750520110711183500
001000831069920110711183500
001000831726820110711183500
001001001719120110711183500
001000829808520110711183500
001001567483420110711183500
001001452433720110711183500
001001003934420110711183500
001000980978120110711183500
001001170180520110711183500
001001170568620110711183500
001001171791720110711183500
001001015191920110711183500
001001452131120110711183500
001001170301920110711183500
001001452039720110711183500
001000982160020110711183500
001000831836320110711183500
001001502375420110711183500
001000831183520110711183500
001001504123620110711183500
001001170707120110711183600
001000437912020110711183600
001001095579420110711183600
001001502634220110711183600
001000831136120110711183600
001000829558920110711183600
001001169368820110711183600
001001504361620110711183600
001000830652520110711183600
001001501948020110711183600
001000995762620110711183600
001001170430420110711183600
001001096911120110711183600
001000996594920110711183600
001001047299820110711183600
001001503457620110711183600
001001078745220110711183600
001001170228620110711183600
001000437076120110711183600
001001451691120110711183600
001001170485120110711183600
001001503807620110711183600
001001268304820110711183600
001001268610420110711183600
001001267608420110711183800
001001267045920110711183900
001000830559420110711184000
001001267409720110711184200
001001266918620110711184200
001001267260320110711184500
001000437398020110711184500
002001501847420110711183000
002001501970120110711183000
002001078477220110711183100
002001078293220110711183100
002001060301420110711183100
002001169849620110711183100
002001035604620110711183100
002000829958920110711183100
002000830166420110711183100
002000830166420110711183100
002000830166420110711183200
002001051087020110711183200
002001052123620110711183200
002001503353820110711183200
002001039247920110711183200
002001169208620110711183200
002001502941120110711183200
002001504327420110711183200
002001120948420110711183200
002001062334820110711183200
002001096327320110711183200
002001077793420110711183200
002001077793420110711183200
002000830454420110711183200
002001503941620110711183200
002000983105320110711183200
002001502105520110711183200
002000995760020110711183200
002000831404220110711183200
002000995757320110711183200
002000995759920110711183200
002000830463920110711183200
002001095689220110711183200
002000982484720110711183200
002001056478320110711183200
002001018341520110711183200
002000830464320110711183200
002001055781220110711183200
002001093962220110711183200
002000998686120110711183200
002001056481920110711183200
002000830166420110711183300
002000988035020110711183300
002001015185320110711183300
002001169189020110711183300
002000980551320110711183300
002001502435220110711183300
002001268531820110711183300
002001503054520110711183300
002000998811420110711183300
002001502687820110711183300
002000436112820110711183300
002001169305620110711183300
002001169833620110711183300
002000980992620110711183300
002001050765120110711183300
002000830010520110711183300
002000983984920110711183300
002000992763020110711183300
002000992763020110711183300
002000992763020110711183300
002001169847120110711183300
002001003936620110711183300
002001171836220110711183300
002001169987520110711183300
002001502687720110711183300
002000831550620110711183300
002001169945220110711183300
002000831530420110711183400
002000831206120110711183400
002001170639020110711183400
002001048441020110711183400
002001502444720110711183400
002000830230720110711183400
002001171475020110711183400
002001170428620110711183400
002000830715620110711183400
002000830517620110711183400
002001502274920110711183400
002001169807920110711183400
002000998391020110711183400
002000998391020110711183400
002001001708520110711183400
002000983177820110711183400
002001171078820110711183400
002001170049020110711183400
002001451353820110711183400
002001170273320110711183400
002001502845620110711183400
002001171457220110711183400
002001053472520110711183400
002000992633620110711183400
002000830363820110711183400
002001452608320110711183400
002001451365620110711183400
002000832229520110711183400
002001171349020110711183400
002001075782420110711183400
002001451732720110711183400
002001171094020110711183400
002001267484720110711183400
002000829676320110711183400
002001170004120110711183500
002001452448420110711183500
002001503178220110711183500
002001171396520110711183500
002001170071520110711183500
002000077627420110711183500
002001171063420110711183500
002001171444620110711183500
002001453584320110711183500
002001004524320110711183500
002001078899420110711183500
002001171763520110711183500
002001501923220110711183500
002000829699920110711183500
002001452999820110711183500
002001170716520110711183500
002000829699920110711183500
002001501780720110711183500
002000057598420110711183500
002001169789320110711183500
002001503048720110711183500
002001169727720110711183500
002001502556420110711183500
002001078829320110711183500
002001503921020110711183500
002000831893520110711183500
002001171113920110711183500
002000830059920110711183500
002000996595920110711183500
002001452974820110711183500
002001453039720110711183500
002001018811520110711183500
002001169790520110711183500
002000830244520110711183500
002001015190520110711183600
002000830794120110711183600
002000829711420110711183600
002000830744520110711183600
002001050597520110711183600
002001096152620110711183600
002001171320020110711183600
002001169881720110711183600
002001171841520110711183600
002001052545020110711183600
002000832101620110711183600
002001096703420110711183600
002001503910520110711183600
002001503652920110711183600
002001451857220110711183600
002000830846720110711183600
002001265983320110711183600
004001502230820110711170100
004001502230820110711170100
004001014195420110711183000
004001170722820110711183000
004001031610420110711183000
004001047313920110711183000
004001171418320110711183000
004000992807820110711183000
004001169976820110711183000
004001171650720110711183000
004000830196320110711183000
004001048253520110711183000
004001170379220110711183000
004001047309520110711183000
004001504234820110711183000
004001504418720110711183100
004000437216220110711183100
004001015281620110711183100
004001070432320110711183100
004001047329320110711183100
004000997330920110711183100
004000437532220110711183100
004001453519420110711183100
004001058768220110711183100
004001453628220110711183100
004001058763120110711183100
004001501819920110711183100
004001503528020110711183100
004001096646220110711183100
004001451561020110711183100
004000437587920110711183100
004001092464620110711183100
004000993169920110711183100
004001053467320110711183100
004001453726420110711183100
004001052484320110711183100
004001504117120110711183100
004001015200920110711183100
004000435548720110711183100
004001503360120110711183100
004001018338920110711183100
004001096308020110711183100
004001079237820110711183100
004001569536820110711183100
004001502432620110711183100
004001014014820110711183100
004001056479220110711183100
004001058763220110711183100
004001013869120110711183100
004001049704720110711183100
004001058768320110711183100
004001096631720110711183200
004000830119420110711183200
004001503091820110711183200
004001503063020110711183200
004000830664720110711183200
004001070429520110711183200
004001267192520110711183200
004000986761820110711183200
004001504484120110711183200
004000829530620110711183200
004001503236420110711183200
004001171186920110711183200
004001056502120110711183200
004001056480920110711183200
004001069881120110711183200
004001171776420110711183200
004001047065220110711183200
004001069884720110711183200
004001055798920110711183200
004000057012720110711183200
004001062441520110711183200
004001058846520110711183200
004001503729020110711183200
004001170261420110711183200