001000130542520120531145800
001000130542520120531145800
001001030438120120531145800
001001565141620120531145900
001000934748820120531145900
001000938620520120531145900
001000938620520120531150000
001000943300920120531150000
001000298123220120531150000
001000118524720120531150000
001001506992520120531150000
001001481901220120531150000
001001481901220120531150000
001001481901220120531150000
001000122011120120531150000
001001403623520120531150000
001001482503520120531150100
001001482503520120531150100
001000287359420120531155800
001000287359420120531155800
001000287359420120531155800
001000936495320120531155800
001000936495320120531155800
001000299608720120531155800
001001570175320120531155800
001001570175320120531155800
001001382300520120531155800
001001382300520120531155800
001001115177320120531155800
001001115177320120531155800
001000298514920120531155800
001000298514920120531155800
001000296449520120531155800
001000296449520120531155800
001000297851920120531155800
001000297851920120531155800
001000934243620120531155800
001000943550320120531155800
001001404434820120531155900
001001404434820120531155900
001000944423420120531160400
001000944423420120531160400
001000329140120120531170100
001000329140120120531170100
001000298065120120531170100
001001032122120120531180100
001001032122120120531180100
001000943159620120531185800
001000208384520120531185800
001000208384520120531185800
001000297666620120531185800
001000298303720120531185800
001001392740620120531185800
001001392740620120531185800
001001594717220120531185800
001001594717220120531185800
001001404084820120531185800
001000297259520120531185800
001000297259520120531185800
001000289269420120531185800
001000289269420120531185800
001001404810220120531185800
001001404810220120531185800
001001106160520120531185800
001001106160520120531185800
001000289269420120531185800
001000289269420120531185800
001001106160520120531185800
001001553881320120531185800
001001553881320120531185800
001001132816520120531185800
001001132816520120531185800
001000297764720120531185800
001000328302020120531185800
001000298303720120531185800
001001583221320120531185800
001001470440320120531185800
001000937783920120531185800
001000327784320120531185800
001000296647520120531185800
001000299386520120531185800
001000948714720120531185800
001001468243720120531185800
001001468243720120531185800
001000210016020120531185800
001000210016020120531185800
001000287424120120531185800
001000299595320120531185900
001001077190620120531185900
001001578283120120531185900
001001578283120120531185900
001000295883220120531185900
001000948651120120531185900
001000947639920120531185900
001000297187120120531185900
001000295854720120531185900
001001094690720120531185900
001000296687020120531185900
001000296687020120531185900
001000328295120120531185900
001001470379020120531185900
001001575065020120531185900
001000948999720120531185900
001000118607320120531185900
001000118607320120531185900
001001103960120120531185900
001000295591820120531185900
001000299770920120531185900
001001581892020120531185900
001000299770920120531185900
001001581892020120531185900
001001103960120120531185900
001000295591820120531185900
001001574190220120531185900
001000130971420120531185900
001000287351220120531185900
001001524543120120531190000
001001524543120120531190000
001000936254820120531190000
001000936254820120531190000
001001574346220120531190000
001001574346220120531190000
001001574346220120531190000
001000936254820120531190000
001000936409120120531190000
001000936409120120531190000
001000297451720120531190000
001001471138120120531190200
001000130299220120531190600
001000130299220120531190600
001000130299220120531190600
001000296273020120531191200
001000296273020120531191200
001001105566220120531225800
001000131537620120531225900
001000131537620120531225900
001000131537620120531225900
001001030985120120531225900
001000297218720120531225900
001000297218720120531225900
001001030985120120531225900
001000297112620120531225900
001000297112620120531225900
001001383797820120531225900
001000327223320120531230000
001000327223320120531230000
001000327223320120531230000
001000327223320120531230000
001001030531020120531230000
001001030531020120531230000
001000407508420120601054200
001000407508420120601054200
001001102867420120601054200
001001102867420120601054200
001000297554320120601054400
001000297554320120601054400
001001372858020120601054400
001001372858020120601054400
001000943310120120601054500
001000943310120120601054500
001000328009820120601062600
001000296558220120601064000
001000296558220120601064000
001001132816520120601064100
001001132816520120601064100
001000297259520120601064100
001000297259520120601064100
001001030192320120601064100
001001030192320120601064100
001000948651120120601064200
001000947639920120601064200
001000947639920120601064200
001000948651120120601064200
001000948651120120601064200
001000948651120120601064200
001000297666620120601064200
001000297666620120601064200
001001553881320120601064200
001001553881320120601064200
001001404901120120601064500
001001404901120120601064500
001001094690720120601064500
001000299378420120601064500
001000287134620120601064700
001000287134620120601064700
001000287134620120601064700
001000296232720120601064800
001000328295120120601064900
001001470379020120601064900
001000328295120120601064900
001001572826220120601065400
001000296671420120601065400
001000942437420120601065400
001000296687020120601065600
001001105771720120601065600
001000943050320120601065900
001000943159620120601065900
001000130542520120601145800
001000130542520120601145800
001000298123220120601150000
001000118524720120601150000
001001481901220120601150000
001001035520820120601150000
001001506992520120601150000
001001035520820120601150000
001001035520820120601150000
001001565141620120601150000
001001391337320120601155800
001001035291820120601155800
001001106135820120601155800
001000298514920120601155800
001000299386520120601155800
001000298514920120601155800
001001030192320120601155800
001001382300520120601155800
001001382300520120601155800
001001392740620120601155800
001001013410420120601155800
001001115177320120601155800
001001115177320120601155800
001001404434820120601155900
001001594234420120601155900
001000935074420120601155900
001001578283120120601155900
001001578283120120601155900
001001105771720120601160000
001001105771720120601160000
001001105771720120601160000
001000948714720120601160000
001001471394820120601161600
001001405107620120601182300
001000298956520120601182300
001000298956520120601182300
001001102208020120601185800
001000943159620120601185800
001000943159620120601185800
001000937783920120601185800
001000296232720120601185800
001000299331620120601185800
001001404084820120601185800
001001404084820120601185800
001000297851920120601185800
001000297851920120601185800
001001594717220120601185800
001000297851920120601185800
001000298303720120601185800
001000298303720120601185800
001001383783920120601185800
001001383783920120601185800
001001594717220120601185800
001001594717220120601185800
001001404084820120601185800
001000208384520120601185800
001000208384520120601185800
001000297764720120601185800
001000289269420120601185800
001000299608720120601185800
001000289269420120601185800
001000289269420120601185800
001000287134620120601185800
001000287134620120601185800
001000287134620120601185800
001000297764720120601185800
001000289269420120601185800
001000289269420120601185800
001000299608720120601185800
001001404810220120601185800
001001404810220120601185800
001001106160520120601185800
001001106160520120601185800
001001404810220120601185800
001001104622720120601185800
001001104622720120601185800
001000948999720120601185800
001001094690720120601185800
001000296764620120601185800
001001100877420120601185800
001001100877420120601185800
001001099447520120601185800
001001099447520120601185800
001000297005320120601185900
001000947639920120601185900
001000948651120120601185900
001000948651120120601185900
001000948651120120601185900
001000947639920120601185900
001001015729420120601185900
001001015729420120601185900
001001553881320120601185900
001001553881320120601185900
001000296647520120601185900
001000296647520120601185900
001000296647520120601185900
001001470379020120601185900
001000328295120120601185900
001001468243720120601185900
001000297187120120601185900
001000934243620120601185900
001000295854720120601185900
001001575065020120601185900
001001104621020120601185900
001001575065020120601185900
001001104621020120601185900
001000943550320120601185900
001001574190220120601185900
001001574190220120601185900
001001574190220120601185900
001000296905520120601185900
001000943550320120601185900
001000933921020120601185900
001000295591820120601185900
001000295591820120601185900
001001404582320120601185900
001000296687020120601185900
001001404582320120601185900
001001030131720120601185900
001001030131720120601185900
001000118607320120601185900
001000118607320120601185900
001001103960120120601185900
001001581892020120601185900
001000299770920120601185900
001001581892020120601185900
001000299770920120601185900
001001103960120120601185900
001001554245820120601190000
001001554245820120601190000
001001524543120120601190000
001001572867620120601190000
001000936254820120601190000
001000936254820120601190000
001001574346220120601190000
001001574346220120601190000
001000936409120120601190000
001000936409120120601190000
001001572826220120601190400
001000296273020120601190400
001000296273020120601190400
001001572982920120601190400
001001572982920120601190400
001000329500720120604062200
001000329500720120604062200
001000329500720120604062200
001001572826220120604065400
002000298442220120602143700
002000298442220120602143700
002001030626220120602143700
002001030626220120602143700
002001593248820120602144100
002001593248820120602144100
002000299464220120602144300
002000299464220120602144300
002000296827420120602144300
002000296827420120602144300
002001374499720120602144300
002001374499720120602144300
002000129759020120602144500
002000129759020120602144500
002001574187320120602144600
002001574187320120602144600
002001506879820120602144600
002001506879820120602144600
002000998574420120602144600
002000998574420120602144600
002001104220620120602144600
002001104220620120602144600
002001103956420120602144700
002001103956420120602144700
002000937781820120602144800
002000937781820120602144800
002000998569020120602144900
002000998569020120602144900
002001507109420120602145000
002001507109420120602145000
002001529144420120602145200
002001529144420120602145200
002000824129520120602145500
002000824129520120602145500
002000824129520120602145500
002000824129520120602145500
002000948590420120602145500
002000948590420120602145500
002000948590420120602145500
002001573864420120602145500
002001573864420120602145500
002000299755420120602145500
002000299755420120602145500
002000128125420120602145900
002000128125420120602145900
002001554133020120602145900
002000297347120120602145900
002000297347120120602145900
002000297347120120602145900
002000297347120120602145900
002000297347120120602145900
002000297347120120602145900
002000297347120120602145900
002000297347120120602145900
002001032210220120602150000
002001032210220120602150000
002001047781720120602150000
002001047781720120602150000
002000288909620120602150000
002000288909620120602150000
002000938620520120602150000
002000938620520120602150000
002000288909620120602150000
002000297095120120602150000
002000297095120120602150000
002001565130020120602150000
002001047781720120602150000
002001047781720120602150000
002000298898220120602150000
002000298898220120602150000
002001030166320120602150000
002001030166320120602150000
002000298148220120602150000
002000298148220120602150000
002000327543920120602150000
002000327543920120602150000
002001404764720120602150000
002001404764720120602150000
002001404764720120602150000
002001565474620120602150000
002001565474620120602150000
002000407042520120602150000
002000407042520120602150000
002001575254320120602150000
002001047796820120602150000
002001047796820120602150000
002001030912020120602150000
002001030912020120602150000
002001481024320120602150000
002001481024320120602150000
002001566097820120602150100
002001403288120120602150100
002001403288120120602150100
002001553716820120602150100
002001553716820120602150100
002001553716820120602150100
002000299127020120602150100
002000934368820120602150100
002000934368820120602150100
002000934368820120602150100
002000299372120120602150600
002000299372120120602150600
002000298899320120602150600
002000298899320120602150600
002001382238320120602155800
002001382238320120602155800
002001467030820120602155800
002001403103620120602155800
002001403103620120602155800
002001481452720120602155800
002001467030820120602155800
002001467030820120602155800
002001532862620120602155800
002001532862620120602155800
002000288912120120602155800
002000326799120120602155800
002000299378420120602155800
002000299378420120602155800
002000297204920120602155800
002000297204920120602155800
002001077190620120602155800
002001077190620120602155800
002001382623020120602155800
002000799276820120602155800
002000799276820120602155800
002000442642020120602155800
002000442642020120602155800
002001100597720120602155800
002001100597720120602155800
002000934471620120602155800
002000934471620120602155800
002000299570820120602155800
002000299570820120602155800
002001404843320120602155800
002001404843320120602155800
002000943097620120602155800
002000943097620120602155800
002000299775520120602155800
002000297338220120602155900
002000297535120120602155900
002000297535120120602155900
002001102639720120602155900
002001102639720120602155900
002001102639720120602155900
002000296988520120602155900
002000296988520120602155900
002000297391720120602160000
002000943050320120602160200
002000327784320120602160300
002001482725520120602160500
002000131473220120602160600
002001050616220120602160700
002001050616220120602160700
002000327636020120602165900
002000327636020120602165900
002000327636020120602165900
002000327636020120602165900
002000327636020120602165900
002000327636020120602165900
002000327636020120602165900
002000327636020120602165900
002000327636020120602165900
002000327636020120602165900
002000327636020120602165900
002000327636020120602165900
002000327636020120602165900
002000327636020120602170000
002000327636020120602170000
002000327636020120602170000
002000329140120120602170000
002000329140120120602170000
002001482540020120602170000
002001482540020120602170000
002000296846420120602170000
002000296846420120602170000
002001084313020120602170000
002001084313020120602170000
002001382659320120602170000
002001382659320120602170000
002001382659320120602170000
002001382659320120602170000
002001382659320120602170000
002000947733820120602170000
002000947733820120602170000
002000947733820120602170000
002000406902320120602170000
002000406902320120602170000
002000297547920120602170000
002000297547920120602170000
002000936469220120602170000
002000936469220120602170000
002001392400620120602170000
002001392400620120602170000
002001481778820120602170000
002001481778820120602170000
002000329979420120602170100
002000329979420120602170100
002000942437120120602170200
002000942437120120602170200
002001482772020120602180000
002001106968520120602180000
002001051087520120602183400
002001381525420120602183400
002001115430320120602183400
002000297670420120602184500
002000297670420120602184500
002000299672820120602184700
002000299672820120602184700
002000295814420120602184900
002000295814420120602184900
002001581980020120602184900
002001594234420120602185800
002001391611420120602185800
002001391611420120602185800
002000935074420120602185800
002000943159620120602185800
002000943159620120602185800
002001527743520120602185800
002000934243620120602185800
002001404582320120602185800
002000948999720120602185800
002000943550320120602185900
002000944250520120602185900
002000287351220120602185900
002000130971420120602185900
002000295883220120602185900
002000299595320120602185900
002001593847920120602185900
002001593847920120602185900
002001032098020120602185900
002001032098020120602185900
002001581458720120602185900
002000288931720120602185900
002000288931720120602185900
002000288931720120602185900
002000288931720120602185900
002000288931720120602185900
002000288931720120602185900
002000943213520120602190000
002000943213520120602190000
002000373635020120602190000
002000373635020120602190000
002001512883120120602190200
002001512883120120602190200
002000297745420120602190200
002000297745420120602190200
002000797595820120602190200
002000797595820120602190200
002000296603520120602190200
002000296603520120602190200
002000296183420120602190300
002000296183420120602190300
002000798135320120602190400
002001467863720120602191000
002000297693220120602200000
002000297693220120602200000
002000943279920120602200000
002001593558420120602200000
002000297265920120602200000
002000330363520120602200000
002000330363520120602200000
002000949268320120602222700
002000949268320120602222700
002000210006120120602222700
002000210006120120602222700
002000210006120120602222700
002001481137820120602223200
002001481137820120602223200
002001481137820120602223200
002001574073520120602223200
002001574073520120602223300
002000329510120120602223300
002000329510120120602223300
002000329510120120602223300
002001564823020120602224400
002001099446020120602224600
002000327004020120602224700
002001098104720120602224900
002001098104720120602224900
002001096782220120602224900
002001096782220120602224900
002000328135020120602225000
002000295959020120602225100
002000295959020120602225100
002001014082620120602225100
002001014082620120602225100
002000824129520120602225900
002000824129520120602225900
002000998569020120602225900
002000998569020120602225900
002001506879820120602225900
002001506879820120602225900
002001506879820120602225900
002000297983320120602225900
002000297983320120602225900
002000129759020120602225900
002000129759020120602225900
002001507109420120602225900
002001507109420120602225900
002001529144420120602225900
002001529144420120602225900
002000948590420120602225900
002000948590420120602225900
002000948590420120602225900
002001103956420120602225900
002001103956420120602230000
002001103956420120602230000
002001574187320120602230000
002001574187320120602230000
002000298442220120602230000
002000298442220120602230000
002001030626220120602230200
002001030626220120602230200
002000296827420120602230200
002000296827420120602230200
002001374499720120602230200
002000299464220120602230200
002000299464220120602230200
002001374499720120602230200
002001593248820120602230300
002001593248820120602230300
002001593248820120602230300
002000937781820120602230700
002000937781820120602230700
002000797595820120603061800
002000797595820120603061800
002000297745420120603061800
002000297745420120603061800
002001512883120120603061800
002000296603520120603061800
002000296603520120603061800
002001030626220120603062900
002001030626220120603062900
002000798135320120603063800
002000798135320120603063800
002000798135320120603063800
002001593248820120603065300
002001593248820120603065300
002001593248820120603065300
002001481137820120603065900
002001481137820120603065900
002001481137820120603065900
002000328135020120603065900
002000328135020120603065900
002001099446020120603065900
002001099446020120603065900
002000329510120120603065900
002000329510120120603065900
002000327004020120603065900
002001564823020120603065900
002001564823020120603065900
002000295814420120603065900
002001581980020120603065900
002001014082620120603065900
002001014082620120603065900
002000295959020120603065900
002000295959020120603065900
002001574073520120603065900
002001574073520120603065900
002001574073520120603065900
002001096782220120603065900
002001096782220120603065900
002001098104720120603065900
002001098104720120603065900
002000299672820120603065900
002000299672820120603065900
002000297670420120603070000
002000297670420120603070000
002001392400620120603071800
002001392400620120603071800
002001115430320120603072300
002001115430320120603072300
002000949268320120603072300
002000210006120120603072300
002000210006120120603072300
002000949268320120603072300
002001051087520120603072300
002001051087520120603072300
002001381525420120603072300
002001381525420120603072300
002000327636020120603073900
002000327636020120603073900
002001381525420120603142300
002001115430320120603142300
002001051087520120603142400
002001593248820120603160300
002001593248820120603160300
002001593248820120603160300
002001030626220120603160300
002001030626220120603160300
002000798135320120603160500
002000797595820120603161700
002000297745420120603161700
002000296603520120603161700
002001512883120120603191400
002001512883120120603191400
002000797595820120603222000
002000797595820120603222000
002000297745420120603222000
002000297745420120603222000
002000296603520120603222000
002000296603520120603222000
002001381525420120603230000
002001115430320120603230000
002001051087520120603230000
002001106968520120604055600
002000298303720120604055700
002001032245620120604055700
002001466696020120604055700
002001565081820120604055700
002001482772020120604055800
002001565237120120604055800
002001392970720120604062200
002001392970720120604062200
002001051087520120604062300
002001512883120120604062300
002001529144420120604062900
002001529144420120604062900
002001532862620120604063200
002001532862620120604063200
002001381525420120604063300
002001115430320120604063300
002001382238320120604063600
002001382238320120604063600
002000328135020120604063600
002000327004020120604063600
002000949268320120604063600
002000295959020120604063700
002000295959020120604063700
002000373635020120604063700
002000943213520120604063700
002001481137820120604063800
002001481137820120604063800
002001100597720120604063800
002001100597720120604063800
002000934471620120604063800
002000934471620120604063800
002001507109420120604063900
002001507109420120604063900
002001031975520120604064000
002001031975520120604064000
002000210006120120604064300
002000210006120120604064300
002001481452720120604064400
002001467030820120604064400
002000329510120120604064400
002000329510120120604064400
002000130299220120604064700
002000130299220120604064700
002000130299220120604064700
002000798135320120604064700
002001527743520120604064700
002001096782220120604064700
002001098104720120604064700
002001014082620120604064700
002001564823020120604064700
002001564823020120604064700
002001403103620120604064900
002001403103620120604064900
002001403103620120604064900
002001482540020120604064900
002001482540020120604064900
002000299775520120604065000
002000998574420120604065100
002000998574420120604065100
002001104220620120604065100
002001104220620120604065100
002000297391720120604065100
002000297391720120604065100
002000129759020120604065100
002000129759020120604065100
002000297204920120604065200
002000297204920120604065200
002000128125420120604065200
002000128125420120604065200
002001050616220120604065200
002001050616220120604065200
002001574073520120604065300
002001574073520120604065300
002001574073520120604065300
002001581458720120604065400
002000998569020120604065400
002001581458720120604065400
002000998569020120604065400
002001573864420120604065400
002001573864420120604065400
002000824129520120604065500
002000824129520120604065500
002000299755420120604065500
002000299755420120604065500
002000948590420120604065500
002000948590420120604065500
002000948590420120604065500
002001467863720120604065500
002001099446020120604065500
002000297983320120604065500
002000297983320120604065500
002000297319720120604065700
002000296846420120604070000
002000296846420120604070000
002001392400620120604070400
002001392400620120604070400
002001392400620120604070400
002000797595820120604070600
002000797595820120604070600
002000297745420120604070600
002000297745420120604070600
002000296603520120604070600
002000296603520120604070600
002000799245920120604070700
002000799245920120604070700
002001382659320120604071200
002001382659320120604071200
002001382659320120604071200
002000327636020120604071600
002000327636020120604071600
002000936469220120604071800
002000936469220120604071800
002000947733820120604072100
002000947733820120604072100
002000297265920120604072300
002000943279920120604072300
002001593558420120604072300
002001481778820120604072400
002001481778820120604072400
002000406902320120604072400
002000406902320120604072400
002000942437120120604072600
002000297547920120604072600
002000297693220120604072600
002000297693220120604072600
002000330363520120604072600
002001084313020120604072600
002001084313020120604072600
002000326218720120604072600
002000326218720120604072600
003000000128620120602074600
003000000255720120602074900
003000000016120120602075700
003000000255720120602161300
003000000016120120602165600
003000000003620120602165700
003000000068720120602165800
003000000257520120602165800
003000000283220120602165900
003000000128620120602165900
003000000201920120602170000
003000000289720120602170000
003000000257520120604071900
003000000289720120604072000
003000000283220120604072100
003000000113620120604072900
003000000201920120604073000
003000000003620120604073100
003000000128620120604074200
003000000068720120604074300
003000000255720120604074300
003000000016120120604075800
002000298899320120604141400
002000298899320120604141400
002000299372120120604141400
002000299372120120604141400
002000298148220120604142400
002001047781720120604142400
002001047781720120604142400
002000938620520120604142400
002000938620520120604142400
002000934368820120604142500
002000934368820120604142500
002000934368820120604142500
002001047796820120604143500
002001047796820120604143500
002000327543920120604143800
002000327543920120604143800
002000327543920120604143800
002000297095120120604144000
002000297095120120604144000
002001030912020120604144000
002001030912020120604144000
002001404764720120604144000
002001404764720120604144000
002001404764720120604144000
002001404764720120604144000
002001032210220120604144000
002001032210220120604144000
002000299127020120604144000
002001565474620120604144100
002001565474620120604144100
002000298898220120604144100
001000297163820120604145400
001000998590020120604145400
001000297133120120604145800
001000947860520120604145800
001000947860520120604145800
001000330710620120604145800
001000330710620120604145800
001000297018220120604145800
001000297018220120604145800
001000297218720120604145800
001000297218720120604145800
001000211046120120604145800
001000211046120120604145800
001001030985120120604145800
001001030985120120604145800
001000297339620120604145800
001000297339620120604145800
001000297112620120604145800
001000297112620120604145800
001000288747420120604145800
001001104675520120604145800
001001104675520120604145800
001001383797820120604145800
001001383797820120604145800
001001096797220120604145900
001001096797220120604145900
001001030531020120604145900
001001030531020120604145900
001001581332520120604145900
001000327223320120604145900
001000327223320120604145900
001000327223320120604145900
001000327223320120604145900
001000295629120120604145900
001000295629120120604145900
001000289105220120604145900
001000289105220120604145900
001001105566220120604145900
001001104675520120604145900
001001104675520120604145900
001000130542520120604145900
001000130542520120604145900
001000942523320120604145900
001000942523320120604145900
001001565141620120604145900
001000298772220120604145900
001000298772220120604145900
001001481339720120604145900
002001565130020120604144700
002000407042520120604144700
002000407042520120604144700
002001566097820120604145500
002001481024320120604145500
002001481024320120604145500
002000288909620120604145500
002000288909620120604145500
002000297347120120604145500
002000297347120120604145500
002000297347120120604145500
002001553716820120604145500
002001553716820120604145500
002001575254320120604145500
002001575254320120604145500
002001403288120120604145500
002001403288120120604145500
002001099446020120604145900
002001564823020120604145900
002001564823020120604145900
002001014082620120604145900
002000329510120120604145900
002000329510120120604145900
002001104220620120604145900
002001104220620120604145900
002000295959020120604145900
002000295959020120604145900
002001529144420120604145900
002001529144420120604145900
002000998569020120604145900
002000128125420120604145900
002000129759020120604145900
002000129759020120604145900
002001031975520120604145900
002001031975520120604145900
002001481137820120604145900
002000949268320120604145900
002000949268320120604145900
002001507109420120604145900
002001573864420120604145900
002001507109420120604145900
002001573864420120604145900
002001573864420120604145900
002001573864420120604145900
002000824129520120604145900
002000824129520120604145900
002000210006120120604145900
003000000068720120604145900
