002000299464220120531144100
002000299464220120531144100
002000296827420120531144100
002000296827420120531144100
002001374499720120531144100
002001374499720120531144100
002000298442220120531144100
002000298442220120531144100
002001405316620120531144100
002001405316620120531144100
002001030626220120531144200
002001030626220120531144200
002001593248820120531144300
002001593248820120531144300
002001593248820120531144300
002001103956420120531144300
002001103956420120531144300
002001392970720120531144300
002001392970720120531144300
002000129759020120531144500
002000129759020120531144500
002001529144420120531144600
002001529144420120531144600
002001507109420120531144600
002001574187320120531144700
002001574187320120531144700
002001506879820120531144700
002001506879820120531144700
002000937781820120531144900
002000937781820120531144900
002001104220620120531145100
002001104220620120531145100
002001104220620120531145100
002000948590420120531145100
002000948590420120531145100
002000948590420120531145100
002000948590420120531145100
002000297983320120531145100
002000297983320120531145100
002000824129520120531145200
002000824129520120531145200
002000824129520120531145200
002000824129520120531145200
002000824129520120531145200
002000824129520120531145200
002000998569020120531145200
002000824129520120531145200
002000299755420120531145200
002000299755420120531145200
002000299755420120531145200
002000998574420120531145200
002000998574420120531145200
002001573864420120531145200
002001573864420120531145200
002001573864420120531145200
002001554133020120531145800
002001031975520120531145900
002000128125420120531145900
002000298898220120531145900
002000298898220120531145900
002001481024320120531150000
002001481024320120531150000
002000297095120120531150000
002000297095120120531150000
002001565474620120531150000
002001565474620120531150000
002000327543920120531150000
002000327543920120531150000
002001403288120120531150000
002001403288120120531150000
002001030912020120531150000
002001030912020120531150000
002000407042520120531150000
002000407042520120531150000
002001047796820120531150000
002001047796820120531150000
002001032210220120531150000
002001032210220120531150000
002001404764720120531150000
002001404764720120531150000
002001404764720120531150000
002001565130020120531150000
002001030166320120531150000
002001030166320120531150000
002000299127020120531150000
002000299127020120531150000
002000288909620120531150000
002000288909620120531150000
002000297347120120531150000
002000297347120120531150000
002001566097820120531150000
002000299372120120531150000
002000299372120120531150100
002000298899320120531150100
002000298899320120531150100
002001553716820120531150100
002001553716820120531150100
002001553716820120531150100
002001575254320120531150100
002001575254320120531150100
002000934368820120531150100
002000934368820120531150100
002000934368820120531150100
002001481452720120531155800
002001050616220120531155800
002001467030820120531155800
002000442642020120531155800
002001470929920120531155800
002001382238320120531155800
002001382238320120531155800
002000288912120120531155800
002000326799120120531155800
002000299378420120531155800
002000299378420120531155800
002001532862620120531155800
002001382623020120531155800
002001382623020120531155800
002000799276820120531155800
002000799276820120531155800
002000297204920120531155800
002000297204920120531155800
002000298143520120531155800
002000298143520120531155800
002001100597720120531155800
002001100597720120531155800
002000934471620120531155800
002000934471620120531155800
002000299775520120531155800
002001105771720120531155800
002001105771720120531155800
002001594234420120531155900
002000935074420120531155900
002000936032320120531155900
002000944250520120531155900
002000297391720120531155900
002000297391720120531155900
002001482725520120531155900
002001482725520120531155900
002000131473220120531155900
002001581458720120531160200
002001593558420120531170000
002000297265920120531170000
002000942437120120531170000
002001593558420120531170000
002000942437120120531170000
002001482540020120531170000
002001482540020120531170000
002000296846420120531170000
002000296846420120531170000
002000327636020120531170000
002000327636020120531170000
002001084313020120531170000
002001084313020120531170000
002000406902320120531170000
002000406902320120531170000
002001481778820120531170100
002001481778820120531170100
002001392400620120531170100
002001392400620120531170200
002000287403920120531180000
002000287403920120531180000
002000934438620120531180000
002000934438620120531180000
002001106968520120531180000
002001482772020120531180000
002001051087520120531182900
002001381525420120531182900
002001115430320120531182900
002000299672820120531184600
002000299672820120531184600
002000297670420120531185000
002000297670420120531185000
002000295814420120531185100
002001581980020120531185100
002001527743520120531185900
002001527743520120531185900
002001593847920120531185900
002001593847920120531185900
002001382659320120531185900
002000947733820120531185900
002000947733820120531185900
002000296988520120531190000
002000296988520120531190000
002001467863720120531190200
002001467863720120531190200
002000373635020120531190300
002000373635020120531190300
002000943213520120531190300
002000943213520120531190300
002000296183420120531190400
002000296183420120531190400
002001512883120120531190800
002000797595820120531190800
002000296603520120531190800
002000297745420120531190800
002000798135320120531192300
002000798135320120531192300
002000798135320120531192300
002000936469220120531200100
002000297547920120531200100
002000330363520120531210000
002000943279920120531210000
002000326218720120531210000
002000326218720120531210000
002000329979420120531210000
002000329979420120531210000
002000297693220120531210000
002000949268320120531222200
002000949268320120531222200
002000949268320120531222200
002001564823020120531222200
002001564823020120531222200
002000210006120120531222300
002000210006120120531222300
002001481137820120531223000
002001481137820120531223000
002001481137820120531223000
002001574073520120531223500
002001574073520120531223500
002000327004020120531224500
002001098104720120531225000
002001098104720120531225000
002001096782220120531225000
002001096782220120531225000
002000328135020120531225200
002000329510120120531225700
002000329510120120531225700
002000295959020120531225900
002000295959020120531225900
002001573864420120531225900
002001573864420120531225900
002000998574420120531225900
002000998574420120531225900
002000824129520120531225900
002000824129520120531225900
002001014082620120531225900
002001014082620120531225900
002000129759020120531225900
002000129759020120531225900
002001506879820120531225900
002001506879820120531225900
002000948590420120531225900
002000948590420120531225900
002001104220620120531225900
002001104220620120531225900
002001104220620120531225900
002000297983320120531225900
002000297983320120531225900
002001529144420120531230000
002001529144420120531230000
002001405316620120531230000
002001405316620120531230000
002000298442220120531230000
002000298442220120531230000
002001574187320120531230000
002000299464220120531230000
002000299464220120531230000
002000296827420120531230000
002000296827420120531230000
002001374499720120531230000
002001374499720120531230000
002001392970720120531230000
002001392970720120531230000
002001103956420120531230000
002001103956420120531230000
002001030626220120531230100
002001030626220120531230100
002001593248820120531230500
002001593248820120531230500
002001593248820120531230500
002000937781820120531232000
002000937781820120531232100
002000328135020120531235000
002000949268320120531235000
002000949268320120531235000
002001098104720120531235000
002001098104720120531235000
002000297670420120531235000
002000210006120120531235000
002000299672820120531235000
002000299672820120531235000
002000299672820120531235000
002001481137820120531235000
002001481137820120531235000
002001481137820120531235100
002001096782220120531235100
002001096782220120531235100
002001096782220120531235100
002001574073520120531235100
002001574073520120531235100
002001574073520120531235100
002000327004020120531235100
002001564823020120531235100
002001099446020120531235100
002000329510120120531235100
002000329510120120531235100
002001581980020120531235200
002000295814420120531235200
002000295959020120531235400
002000295959020120531235400
002001014082620120531235400
002001014082620120531235400
002000210006120120601040500
002000210006120120601040500
002001014082620120601040500
002001014082620120601040500
002000328135020120601040500
002000949268320120601040500
002000949268320120601040500
002001481137820120601040600
002001481137820120601040600
002001481137820120601040600
002000295959020120601040600
002001099446020120601040600
002001564823020120601040600
002001564823020120601040600
002001564823020120601040600
002001564823020120601040600
002000329510120120601040600
002000329510120120601040600
002000327004020120601040600
002000327004020120601040600
002001574073520120601040600
002001574073520120601040600
002001096782220120601040600
002001098104720120601040600
002001098104720120601040600
002001581980020120601040600
002000295814420120601040600
002000299672820120601040600
002000299672820120601040600
002000297670420120601040600
002000297670420120601040600
002001482503520120601054500
002001482503520120601054500
002000287403920120601054500
002000287403920120601054500
002000934438620120601054600
002000934438620120601054600
002001106968520120601055700
002001482772020120601055700
002000288931720120601062200
002000288931720120601062200
002000288931720120601062200
002000288931720120601062200
002000299372120120601063200
002000299372120120601063200
002000298899320120601063200
002000297095120120601063600
002000297095120120601063600
002000297095120120601063600
002001532862620120601063800
002001532862620120601063800
002001482540020120601063900
002001482540020120601063900
002000938620520120601064000
002000938620520120601064000
002000943213520120601064100
002000943213520120601064100
002000373635020120601064100
002000373635020120601064100
002001403103620120601064200
002001403103620120601064200
002001032210220120601064400
002001032210220120601064400
002000327543920120601064400
002000327543920120601064400
002000296603520120601064400
002000297745420120601064400
002000797595820120601064400
002001512883120120601064400
002001030912020120601064400
002001030912020120601064400
002000442642020120601064400
002001575065020120601064400
002001565474620120601064700
002001565474620120601064700
002001467030820120601064700
002001467030820120601064700
002001467030820120601064800
002001481452720120601064800
002001527743520120601064800
002001527743520120601064800
002000798135320120601064800
002001050616220120601064900
002001050616220120601064900
002001481024320120601065000
002001481024320120601065000
002001481024320120601065000
002000297347120120601065000
002000297347120120601065000
002000288909620120601065000
002000288909620120601065000
002000298898220120601065000
002000298898220120601065000
002001565130020120601065000
002001565130020120601065000
002000944423420120601065100
002000944423420120601065100
002000407042520120601065100
002000407042520120601065100
002001047796820120601065100
002001047796820120601065100
002000297391720120601065100
002000297391720120601065100
002000128125420120601065100
002000128125420120601065100
002001554133020120601065100
002000299775520120601065100
002000296183420120601065200
002000296183420120601065200
002001581458720120601065200
002001404764720120601065200
002001404764720120601065200
002000299127020120601065400
002001403288120120601065400
002001030166320120601065400
002001467863720120601065500
002001467863720120601065500
002001553716820120601065500
002001553716820120601065500
002001553716820120601065500
002001566097820120601065500
002001575254320120601065600
002001575254320120601065600
002001031975520120601065600
002000287359420120601065700
002000297204920120601065800
002000297204920120601065800
002001392400620120601070000
002001392400620120601070000
002001392400620120601070000
002001381525420120601070100
002001115430320120601070100
002001051087520120601070100
002000296846420120601071200
002000296846420120601071200
002001084313020120601071600
002001084313020120601071600
002000406902320120601071900
002000406902320120601071900
002000327636020120601072000
002000327636020120601072000
002000329979420120601072300
002000329979420120601072300
002001382659320120601072400
002000947733820120601072400
002000947733820120601072400
002000297693220120601072600
002000297693220120601072600
002000943279920120601072600
002000330363520120601072600
002001593558420120601072600
002000297265920120601072600
002000942437120120601072600
002000942437120120601072600
002000942437120120601072600
002000297547920120601072700
002000297547920120601072700
002000326218720120601072700
002000936469220120601072700
002001030626220120601142800
002001030626220120601142800
002001103956420120601143800
002001103956420120601143800
002001392970720120601143900
002001392970720120601143900
002000937781820120601144400
002000937781820120601144400
002001507109420120601144400
002001507109420120601144400
002001374499720120601144500
002001374499720120601144500
002000298442220120601144500
002000298442220120601144500
002000299464220120601144500
002000299464220120601144500
002000296827420120601144500
002000296827420120601144500
002001405316620120601144500
002001405316620120601144500
002001593248820120601144600
002001593248820120601144600
002001574187320120601144900
002001506879820120601144900
002001506879820120601144900
002001506879820120601144900
002001104220620120601144900
002001104220620120601144900
002000129759020120601144900
002000129759020120601144900
002001529144420120601145000
002001529144420120601145000
002000948590420120601145000
002000824129520120601145000
002000824129520120601145000
002000824129520120601145000
002000948590420120601145000
002000824129520120601145000
002000297983320120601145000
002000297983320120601145000
002000297983320120601145000
002001573864420120601145000
002001573864420120601145000
002000299755420120601145000
002000299755420120601145000
002000998574420120601145000
002000998574420120601145000
002000998569020120601145100
002000998569020120601145100
002000298898220120601145900
002000298898220120601145900
002001554133020120601145900
002001032210220120601150000
002001032210220120601150000
002000938620520120601150000
002000938620520120601150000
002001565474620120601150000
002001565474620120601150000
002000407042520120601150000
002000407042520120601150000
002001047796820120601150000
002001047796820120601150000
002001030912020120601150000
002001030912020120601150000
002000128125420120601150000
002000327543920120601150000
002000327543920120601150000
002001566097820120601150000
002001575254320120601150000
002001575254320120601150000
002001404764720120601150000
002001404764720120601150000
002001404764720120601150000
002001404764720120601150000
002001404764720120601150000
002000297095120120601150000
002000297095120120601150000
002001565130020120601150000
002001565130020120601150000
002001403288120120601150100
002001403288120120601150100
002000288909620120601150100
002000288909620120601150100
002000297347120120601150100
002000297347120120601150100
002001030166320120601150100
002001030166320120601150100
002001030166320120601150100
002001553716820120601150100
002001553716820120601150100
002001553716820120601150100
002001553716820120601150100
002001031975520120601150100
002000298899320120601150100
002000298899320120601150100
002000298899320120601150100
002000298899320120601150100
002000299372120120601150100
002000299372120120601150100
002000299127020120601150300
002001481024320120601150300
002001481024320120601150400
002000297204920120601155800
002000297204920120601155800
002001050616220120601155800
002001050616220120601155800
002001467030820120601155800
002001467030820120601155800
002000299775520120601155800
002001481452720120601155800
002001532862620120601155800
002001532862620120601155800
002000288912120120601155800
002001403103620120601155800
002000799276820120601155800
002000799276820120601155800
002000944423420120601155800
002000944423420120601155800
002000299570820120601155800
002000299570820120601155800
002000934471620120601155900
002000934471620120601155900
002000297535120120601155900
002000297535120120601155900
002000297391720120601155900
002000297391720120601155900
002000442642020120601160000
002001482725520120601160000
002001593558420120601170000
002000297265920120601170000
002000297547920120601170000
002000297547920120601170000
002000296846420120601170000
002001482540020120601170000
002001482540020120601170000
002000296846420120601170000
002000327636020120601170000
002000327636020120601170000
002000327636020120601170000
002001084313020120601170000
002001084313020120601170000
002000329140120120601170000
002000329140120120601170000
002001481778820120601170100
002001481778820120601170100
002001482772020120601180000
002001106968520120601180000
002001115430320120601182700
002001381525420120601182700
002001051087520120601182700
002000299672820120601184600
002000299672820120601184600
002001581980020120601184800
002000295814420120601184800
002000297670420120601185600
002000297670420120601185600
002000297670420120601185600
002000297666620120601185800
002001382623020120601185800
002001391611420120601185800
002001391611420120601185800
002001527743520120601185800
002001077190620120601185800
002001470440320120601185800
002000287424120120601185800
002001583221320120601185800
002000327784320120601185800
002001382659320120601185800
002000947733820120601185900
002000947733820120601185900
002000296988520120601185900
002000296988520120601185900
002000210016020120601185900
002000210016020120601185900
002001593847920120601185900
002001593847920120601185900
002001032098020120601185900
002001032098020120601185900
002000299595320120601185900
002000295883220120601185900
002000297338220120601185900
002000297338220120601185900
002000287351220120601185900
002000287351220120601185900
002000130971420120601185900
002000130971420120601185900
002001581458720120601185900
002001392400620120601185900
002001392400620120601190000
002000797595820120601190100
002000797595820120601190100
002001512883120120601190100
002001512883120120601190100
002000296603520120601190100
002000296603520120601190100
002000297745420120601190100
002000297745420120601190100
002000373635020120601190100
002000943213520120601190300
002000943213520120601190300
002000798135320120601190300
002000296183420120601190300
002000296183420120601190300
002001467863720120601190400
002001467863720120601190500
002000329979420120601205900
002000326218720120601205900
002000942437120120601205900
002000942437120120601205900
002000297693220120601205900
002000297693220120601205900
002000936469220120601210000
002000943279920120601210000
002000943279920120601210000
002000330363520120601210000
002000330363520120601210000
002001481137820120601221400
002001481137820120601221400
002001481137820120601221400
002000949268320120601221600
002000949268320120601221600
002000210006120120601221800
002000210006120120601221800
002001096782220120601224100
002001098104720120601224100
002001014082620120601224200
002001014082620120601224200
002000295959020120601224200
002000295959020120601224200
002001564823020120601224300
002001564823020120601224300
002001574073520120601224300
002001574073520120601224300
002000327004020120601224600
002000329510120120601224600
002000329510120120601224600
002000328135020120601225300
002001573864420120601225900
002001573864420120601225900
002000824129520120601225900
002000824129520120601225900
002000824129520120601225900
002000824129520120601225900
002000824129520120601225900
002000998574420120601225900
002000998574420120601225900
002000998569020120601225900
002001104220620120601225900
002001104220620120601225900
002000998569020120601225900
002000998569020120601225900
002000129759020120601225900
002000129759020120601225900
002001507109420120601225900
002001507109420120601225900
002000948590420120601225900
002000948590420120601225900
002000297983320120601225900
002000297983320120601225900
002000297983320120601225900
002001506879820120601225900
002001506879820120601225900
002001593248820120601225900
002001593248820120601225900
002001529144420120601225900
002001529144420120601225900
002001574187320120601230000
002001574187320120601230000
002000298442220120601230000
002000298442220120601230000
002001405316620120601230000
002001405316620120601230000
002001103956420120601230000
002001103956420120601230000
002001392970720120601230000
002001392970720120601230000
002001030626220120601230000
002001030626220120601230000
002001099446020120601230100
002001374499720120601230100
002001374499720120601230100
002000299464220120601230100
002000299464220120601230100
002000296827420120601230100
002000296827420120601230100
002000937781820120601230200
002000937781820120601230200
002001031356520120602054800
002001031356520120602054800
002001031356520120602054800
002000299372120120602062300
002000299372120120602062300
002000298899320120602062300
002000298899320120602062300
002000797595820120602062400
002000797595820120602062400
002000297745420120602062400
002000297745420120602062400
002001512883120120602062400
002001512883120120602062400
002000296603520120602062400
002000296603520120602062400
002000128125420120602062400
002000128125420120602062400
002001047796820120602062900
002001047796820120602062900
002000938620520120602063200
002000938620520120602063200
002001532862620120602063400
002001532862620120602063400
002001030912020120602063600
002001030912020120602063600
002001032210220120602063600
002001032210220120602063600
002000373635020120602063700
002000373635020120602063700
002000943213520120602063700
002000943213520120602063700
002001382238320120602063800
002001382238320120602063800
002001100597720120602064100
002001100597720120602064100
002000934471620120602064100
002000934471620120602064100
002000298148220120602064300
002000327543920120602064400
002000327543920120602064400
002000934368820120602064400
002000934368820120602064400
002000934368820120602064400
002000296183420120602064400
002000131473220120602064400
002000798135320120602064400
002001481024320120602064500
002001481024320120602064500
002000297095120120602064500
002000297095120120602064500
002001482540020120602064500
002001482540020120602064500
002001050616220120602064500
002001050616220120602064500
002001565474620120602064600
002001565474620120602064600
002001467030820120602064600
002001403103620120602064600
002001481452720120602064600
002001527743520120602064600
002001566097820120602064700
002001554133020120602064700
002000407042520120602064700
002000407042520120602064700
002000130299220120602064900
002000130299220120602064900
002000130299220120602064900
002001102639720120602065100
002001102639720120602065100
002001581458720120602065300
002001404764720120602065300
002001404764720120602065300
002000299775520120602065300
002001467863720120602065300
002001467863720120602065300
002000297204920120602065300
002000297204920120602065300
002001565130020120602065400
002001565130020120602065400
002001392400620120602065400
002001392400620120602065400
002001572826220120602065500
002001572826220120602065500
002000298898220120602065500
002000298898220120602065500
002001575254320120602065600
002001575254320120602065600
002000299127020120602065700
002000299127020120602065700
002001482725520120602065800
002001482725520120602065800
002000297347120120602065800
002000297347120120602065800
002000288909620120602065800
002000288909620120602065800
002001553716820120602065800
002001553716820120602065800
002001403288120120602065800
002001403288120120602065800
0020014811378