Ac-No                    sTime  
10003                    201207271238       
10001                    201207271238       
10002                    201207271238       
10001                    201207271238       
10001                    201207271238       
10003                    201207271259       
10001                    201207271259       
10002                    201207271259       
10001                    201207271259       
10001                    201207271259       
10002                    201207271259       
10001                    201207271259       
10003                    201207271333       
10002                    201207271333       
10001                    201207271333       
10001                    201207271333       
10003                    201207271333       
10003                    201207271333       
10002                    201207271333       
10001                    201207271333       
10001                    201207271333
10001                    201207271745       
10001                    201207271745       
10003                    201207271745       
10003                    201207271745       
10001                    201207271745       
10001                    201207271745   