Ac-No                    sTime  
10003                    201207251238       
10001                    201207251238       
10002                    201207251238       
10001                    201207251238       
10001                    201207251238       
10003                    201207251259       
10001                    201207251259       
10002                    201207251259       
10001                    201207251259       
10001                    201207251259       
10002                    201207251259       
10001                    201207251259       
10003                    201207251333       
10002                    201207251333       
10001                    201207251333       
10001                    201207251333       
10003                    201207251333       
10003                    201207251333       
10002                    201207251333       
10001                    201207251333       
10001                    201207251333
10001                    201207251745       
10001                    201207251745       
10003                    201207251745       
10003                    201207251745       
10001                    201207251745       
10001                    201207251745       
