0010001284947201309070804
0010002424461201309070814
0010002424461201309070814
0010002424461201309070814
0010002424461201309070814
0010002424461201309070814
0010002424461201309070814
0010002424461201309070814
0010002424461201309070815
0010002424461201309070815
0010002424461201309070815
0010002424461201309070815
0010002424461201309070815
0010002424461201309070815
0010002424461201309070814
0010002424461201309070814
0010002424461201309070814
0010002424461201309070814
0010002424461201309070814
0010002424461201309070815
0010002424461201309070815
0010002424461201309070814
0010002424461201309070814
0010002424461201309070815
0010002424461201309070815
0010002424461201309070815
0010002424461201309070818
0010002424461201309070820
0010002424461201309070820
0010002424461201309070808
0010002424461201309070809
0010002424461201309070809
0010002424461201309070809
0010002424461201309070809
0010002424461201309070809
0010002424461201309070809
0010002424461201309070809
0010002424461201309070809
0010002424461201309070809
0010002424461201309070810
0010002424461201309070812
0010002424461201309070812
0010002424461201309070812
0010002424461201309070812
0010002424461201309070812
0010002424461201309070812
0010002424461201309070812
0010002424461201309070812
0010002424461201309070812
0010002424461201309070812
0010002424461201309070812
0010002424461201309070812
0010002424461201309070812
0010002424461201309070812
0010002424461201309070813
0010002424461201309070813
0010002424461201309070813
0010002424461201309070813
0010002424461201309070815
0010013493884201309070907
0010013493884201309070907
0010013493884201309070907
0010013493884201309070907
0010013493884201309070907
0010013493884201309070907
0010013493884201309070907
0010013493884201309070907
