0010006371837201610200600
0010006371837201610200600
0010006395072201610200643
0010006395072201610200643
0010002032039201610200708
0010002090603201610200711
0010000283801201610200715
0010002351385201610200716
0010000259660201610200716
0010001954536201610200716
0010001971072201610200716
0010002282354201610200716
0010006407157201610200716
0010001916188201610200716
0010006407147201610200716
0010002276062201610200716
0010002095620201610200716
0010002095620201610200716
0010002295824201610200716
0010001858388201610200717
0010006407110201610200717
0010000272688201610200717
0010004842225201610200717
0010004842225201610200717
0010000266845201610200717
0010000266845201610200717
0010008903945201610200717
0010002275826201610200717
0010002422203201610200717
0010002895080201610200717
0010006340652201610200717
0010001858405201610200718
0010001898500201610200718
0010006365101201610200718
0010002424381201610200718
0010006365086201610200718
0010002444091201610200718
0010002444091201610200718
0010002276502201610200718
0010002174622201610200718
0010000277128201610200718
0010002383829201610200719
0010000321506201610200719
0010001882584201610200719
0010001882584201610200719
0010000242587201610200719
0010006365121201610200719
0010006365121201610200719
0010006400526201610200719
0010006400526201610200719
0010002441037201610200719
0010002373840201610200719
0010002072274201610200719
0010008977598201610200719
0010008977598201610200719
0010000277971201610200719
0010000277971201610200719
0010002382501201610200720
0010000271485201610200720
0010001939476201610200720
0010000268358201610200720
0010002404142201610200720
0010002404142201610200720
0010000265750201610200720
0010002160732201610200720
0010002185305201610200720
0010006340632201610200720
0010000269576201610200720
0010000269576201610200720
0010004968092201610200720
0010002383074201610200720
0010000265088201610200720
0010000325535201610200720
0010002424523201610200720
0010002337321201610200720
0010002026424201610200720
0010000242563201610200720
0010002184341201610200720
0010000259681201610200720
0010006370504201610200721
0010000261415201610200721
0010002356349201610200721
0010006400669201610200721
0010006400669201610200721
0010001954942201610200721
0010000302684201610200721
0010006407180201610200721
0010007763844201610200721
0010007812007201610200721
0010000273809201610200721
0010004850160201610200721
0010004850160201610200721
0010006350677201610200721
0010002089428201610200721
0010002089428201610200721
0010009098972201610200721
0010002205869201610200721
0010000272740201610200721
0010000335147201610200721
0010000259722201610200721
0010000330761201610200721
0010002383851201610200721
0010002383851201610200721
0010007811409201610200721
0010007811409201610200721
0010002174590201610200721
0010001990650201610200721
0010001990650201610200721
0010001962111201610200721
0010001962252201610200721
0010007693028201610200721
0010000284068201610200721
0010000242566201610200722
0010002181888201610200722
0010000265088201610200722
0010002351379201610200722
0010000252341201610200722
0010001900694201610200722
0010000275747201610200722
0010005194554201610200722
0010002355782201610200722
0010002420927201610200722
0010002420927201610200722
0010007811469201610200722
0010006408036201610200722
0010001972377201610200722
0010000259715201610200722
0010000305472201610200722
0010006547013201610200722
0010007837547201610200722
0010002051709201610200722
0010002051709201610200722
0010006314626201610200722
0010007837484201610200723
0010002116864201610200723
0010006365232201610200723
0010000259626201610200723
0010001925891201610200723
0010007763742201610200723
0010007763742201610200723
0010008982312201610200723
0010000265411201610200723
0010007258281201610200723
0010000261412201610200723
0010000300071201610200724
0010000300071201610200724
0010000242548201610200724
0010002276078201610200724
0010002042333201610200724
0010002042333201610200724
0010002015308201610200724
0010002015308201610200724
0010002363423201610200724
0010002205230201610200724
0010002072010201610200724
0010000249307201610200724
0010000249307201610200724
0010001858578201610200724
0010007826993201610200724
0010007837442201610200724
0010002185320201610200725
0010002108292201610200725
0010006406843201610200725
0010002224720201610200725
0010002224720201610200725
0010009099146201610200725
0010009099146201610200725
0010002053988201610200725
0010006340665201610200725
0010000302716201610200725
0010002055979201610200725
0010002196651201610200725
0010000272152201610200725
0010007828628201610200725
0010007828628201610200725
0010002026425201610200725
0010000267126201610200726
0010002161825201610200726
0010001888809201610200726
0010000314126201610200726
0010006407220201610200726
0010000323161201610200726
0010000246704201610200726
0010006350810201610200726
0010001947865201610200726
0010002035672201610200726
0010002035672201610200726
0010000268614201610200726
0010009075019201610200726
0010000265149201610200726
0010000265757201610200726
0010002101873201610200726
0010006220713201610200726
0010006365153201610200726
0010006365153201610200726
0010006340592201610200727
0010000268613201610200727
0010006348087201610200727
0010000266762201610200727
0010000300017201610200727
0010007838566201610200727
0010006395132201610200727
0010000275813201610200727
0010006340672201610200727
0010002101838201610200727
0010002337319201610200727
0010002146034201610200727
0010002055978201610200727
0010006340612201610200727
0010006400612201610200727
0010002355435201610200727
0010007758578201610200728
0010002197625201610200728
0010002407831201610200728
0010001922876201610200728
0010001922876201610200728
0010000300054201610200728
0010000300054201610200728
0010006395112201610200728
0010006395129201610200728
0010002128024201610200728
0010002402119201610200728
0010001990666201610200728
0010006337818201610200729
0010006337818201610200729
0010000246694201610200729
0010007662864201610200729
0010007662864201610200729
0010002111127201610200729
0010000272685201610200729
0010002192638201610200729
0010002192638201610200729
0010007811458201610200729
0010002026224201610200801
0010006365101201610201100
0010000246704201610201130
0010002116864201610201130
0010002116864201610201130
0010004842225201610201130
0010004842225201610201130
0010007812003201610201130
0010007812003201610201130
0010002282186201610201130
0010006371837201610201131
0010006371837201610201131
0010000277128201610201131
0010002236732201610201131
0010002236732201610201131
0010006395188201610201131
0010002111127201610201131
0010002095620201610201131
0010006407130201610201131
0010000323161201610201131
0010000272685201610201131
0010006407147201610201131
0010002231191201610201131
0010000300071201610201131
0010002356349201610201131
0010006395092201610201131
0010000246630201610201131
0010002035672201610201131
0010000300044201610201131
0010000335147201610201131
0010002184341201610201131
0010008903945201610201131
0010002051709201610201131
0010006340612201610201131
0010002095631201610201131
0010000252341201610201131
0010002373840201610201131
0010007561491201610201131
0010008976968201610201131
0010002356202201610201131
0010005194202201610201131
0010002895080201610201131
0010002160732201610201131
0010001954536201610201131
0010002390003201610201131
0010002383074201610201131
0010000259660201610201132
0010001939476201610201132
0010002035623201610201132
0010006348106201610201132
0010000323807201610201132
0010006220713201610201132
0010000275816201610201132
0010000259715201610201132
0010002444091201610201132
0010002055979201610201132
0010000272688201610201132
0010006365153201610201132
0010001972377201610201132
0010000267129201610201132
0010000267129201610201132
0010007758578201610201132
0010000273855201610201132
0010006097114201610201132
0010006395112201610201132
0010000259722201610201132
0010000284021201610201132
0010000265088201610201132
0010002363423201610201132
0010004968092201610201132
0010008916274201610201132
0010002383851201610201132
0010000261415201610201132
0010002422203201610201132
0010002424381201610201132
0010002276062201610201132
0010002176661201610201132
0010002108292201610201132
0010008916302201610201132
0010002337321201610201132
0010000276230201610201132
0010007693028201610201132
0010002282354201610201132
0010001913799201610201132
0010007837484201610201132
0010006370504201610201132
0010000300049201610201132
0010002393619201610201132
0010002276106201610201133
0010000266856201610201133
0010000277267201610201133
0010007837487201610201133
0010006407220201610201133
0010006365232201610201133
0010001852179201610201133
0010007811469201610201133
0010000302705201610201133
0010000265757201610201133
0010000277971201610201133
0010002072010201610201133
0010007837504201610201133
0010000268613201610201133
0010000266762201610201133
0010006350750201610201133
0010000283870201610201133
0010007825486201610201133
0010000266849201610201133
0010002051688201610201133
0010006340652201610201133
0010006350797201610201133
0010007763844201610201133
0010002174590201610201133
0010007666966201610201133
0010006547013201610201133
0010006547013201610201133
0010006340665201610201133
0010002026424201610201133
0010000283727201610201133
0010006370466201610201133
0010002383829201610201133
0010002420967201610201133
0010006365106201610201133
0010008977598201610201133
0010002208495201610201134
0010002042333201610201134
0010002355782201610201134
0010007662864201610201134
0010002407831201610201134
0010007827036201610201134
0010000259671201610201134
0010000259671201610201134
0010000249307201610201134
0010002420927201610201134
0010002420927201610201134
0010006365141201610201134
0010006400520201610201134
0010000284014201610201134
0010004850160201610201134
0010006350777201610201134
0010000275747201610201134
0010002141261201610201135
0010006350777201610201146
0010000275747201610201146
0010006350817201610201146
0010007561491201610201146
0010000268613201610201147
0010002045355201610201147
0010002368436201610201148
0010001858405201610201148
0010002101847201610201150
0010000300017201610201151
0010006350750201610201151
0010001882584201610201151
0010007838566201610201151
0010000266762201610201152
0010007758578201610201152
0010000267129201610201152
0010000283801201610201154
0010000321506201610201155
0010001922876201610201155
0010000246694201610201155
0010002072274201610201157
0010007837487201610201158
0010002282354201610201158
0010002282354201610201159
0010007666966201610201206
0010005194202201610201213
0010000284068201610201214
0010002160732201610201215
0010002160732201610201216
0010000273855201610201216
0010000302705201610201216
0010000242587201610201216
0010000259660201610201216
0010001990666201610201217
0010002026425201610201217
0010000268614201610201217
0010007811469201610201217
0010000265088201610201218
0010002089428201610201218
0010000268358201610201218
0010002422203201610201218
0010002355782201610201218
0010001954536201610201218
0010002390003201610201218
0010002383074201610201218
0010006350810201610201219
0010002356349201610201219
0010006340652201610201219
0010000302684201610201220
0010000246630201610201220
0010000246630201610201220
0010006407170201610201220
0010000283727201610201220
0010006340612201610201220
0010001962111201610201221
0010002172880201610201221
0010002176661201610201221
0010006395092201610201221
0010007837484201610201221
0010001939476201610201221
0010007825486201610201221
0010002337321201610201222
0010000242548201610201222
0010000300071201610201222
0010000300071201610201222
0010006350677201610201222
0010006370504201610201222
0010002053962201610201222
0010000277267201610201222
0010006348106201610201222
0010002420927201610201223
0010002420927201610201223
0010002185320201610201223
0010007627693201610201223
0010002026424201610201223
0010000259722201610201223
0010002356202201610201223
0010002382501201610201223
0010006365174201610201223
0010000325468201610201223
0010002184341201610201223
0010001900694201610201223
0010000266856201610201223
0010006365121201610201224
0010007812003201610201224
0010007812003201610201224
0010000265401201610201224
0010002072010201610201224
0010009098972201610201224
0010000267124201610201224
0010002388721201610201224
0010000323161201610201224
0010000261412201610201224
0010007842897201610201224
0010001916188201610201224
0010000246704201610201224
0010000259681201610201224
0010001960773201610201224
0010000269576201610201224
0010000259671201610201224
0010000259671201610201224
0010000283870201610201224
0010001947865201610201224
0010007662864201610201224
0010001913799201610201224
0010001975989201610201224
0010000296849201610201225
0010000296849201610201225
0010007763844201610201225
0010000276230201610201225
0010006371837201610201225
0010002236732201610201225
0010008991647201610201225
0010000265149201610201225
0010006547013201610201225
0010006547013201610201225
0010006400520201610201225
0010006400520201610201225
0010002407831201610201225
0010006395112201610201225
0010002061794201610201225
0010001913702201610201226
0010001913702201610201226
0010000335147201610201226
0010000265411201610201226
0010004850160201610201226
0010008916302201610201226
0010006340665201610201226
0010006350797201610201227
0010000266849201610201227
0010000266849201610201227
0010007693028201610201227
0010002035623201610201227
0010002337319201610201227
0010002055978201610201228
0010002055978201610201228
0010006350830201610201228
0010000261037201610201228
0010006395112201610201228
0010007827036201610201228
0010002026428201610201334
0010006395072201610201414
0010006395072201610201414
0010007812003201610201601
0010007812003201610201601
0010002051688201610201630
0010000246630201610201630
0010000300044201610201630
0010000246704201610201630
0010006407130201610201630
0010000277128201610201630
0010002236732201610201630
0010000323161201610201630
0010000323161201610201631
0010006395132201610201631
0010002275826201610201631
0010000266856201610201631
0010000325468201610201631
0010002051709201610201631
0010002051709201610201631
0010000284068201610201631
0010002172880201610201631
0010001847777201610201631
0010001847777201610201631
0010000259722201610201631
0010002231191201610201631
0010006406843201610201631
0010006340632201610201632
0010007838566201610201632
0010000300017201610201632
0010005194202201610201632
0010002045355201610201632
0010009098972201610201632
0010007758578201610201632
0010000268613201610201632
0010007837487201610201632
0010002337319201610201632
0010007662864201610201632
0010000284021201610201632
0010002383851201610201632
0010007811469201610201632
0010000272740201610201632
0010002116864201610201632
0010002276062201610201632
0010002276062201610201632
0010002356202201610201632
0010002355782201610201632
0010002355782201610201632
0010001858405201610201632
0010000265750201610201632
0010006350817201610201632
0010006365232201610201632
0010002042333201610201633
0010002042333201610201633
0010000259671201610201633
0010000259671201610201633
0010006395072201610201633
0010006395072201610201633
0010000275747201610201633
0010006350777201610201633
0010000266849201610201633
0010000273809201610201633
0010002420927201610201634
0010002420927201610201634
0010000249307201610201634
0010000249307201610201634
0010006400520201610201634
0010006340665201610201635
0010000265159201610201635
0010000265159201610201635
0010001990650201610201635
0010007826993201610201635
0010002026425201610201636
0010002351385201610201636
0010006547013201610201636
0010006547013201610201636
0010006337818201610201640
0010006337818201610201640
0010000265411201610201800
0010002282186201610201800
0010006395193201610201800
0010002276041201610201800
0010000335147201610201800
0010002373840201610201800
0010002390003201610201800
0010002383074201610201800
0010002055979201610201800
0010002295824201610201800
0010006395112201610201800
0010006097114201610201800
0010001954536201610201800
0010000275816201610201800
0010006340652201610201800
0010007763844201610201800
0010008916247201610201801
0010000273855201610201801
0010000259660201610201801
0010006400669201610201801
0010002422203201610201801
0010006407100201610201801
0010001858578201610201801
0010002185320201610201801
0010002160732201610201801
0010002160732201610201801
0010000296849201610201801
0010000296849201610201801
0010001972377201610201801
0010006370504201610201801
0010002176661201610201801
0010002363423201610201801
0010002363423201610201801
0010006348106201610201801
0010006340612201610201801
0010002119270201610201801
0010006350677201610201801
0010006350750201610201801
0010002276450201610201801
0010000265088201610201801
0010002161825201610201801
0010002382501201610201801
0010002026424201610201801
0010004968092201610201801
0010002282354201610201801
0010002282354201610201801
0010000321506201610201801
0010000300054201610201801
0010000300054201610201801
0010000330761201610201802
0010006407157201610201802
0010006407157201610201802
0010002205869201610201802
0010001939476201610201802
0010001960773201610201802
0010007259595201610201802
0010007825486201610201802
0010002407831201610201802
0010002276502201610201802
0010000259681201610201802
0010000305472201610201802
0010002181888201610201802
0010000080865201610201802
0010009075019201610201802
0010000268358201610201802
0010000265401201610201802
0010002393619201610201803
0010000267126201610201803
0010000268614201610201803
0010001954942201610201803
0010007837504201610201803
0010007837504201610201803
0010007837504201610201803
0010000283808201610201803
0010002276106201610201803
0010002420967201610201803
0010000242548201610201803
0010000283727201610201803
0010006408036201610201803
0010007693028201610201803
0010002035623201610201803
0010001925891201610201803
0010002032039201610201803
0010002174590201610201804
0010002404142201610201804
0010002404142201610201804
0010002141261201610201804
0010004850160201610201805
0010004850160201610201805
0010007842864201610201813
0010001973798201610201839
0010001973798201610201839
0010004421037201610201843
0010004421037201610201843
0010002128024201610201843
0010002185305201610202000
0010006407220201610202001
0010007837547201610202001
0010000325468201610202002
0010000325468201610202002
0010006395072201610210659
0010006395072201610210659
0010002032039201610210714
0010002351385201610210715
0010000307190201610210715
0010006340652201610210715
0010002422203201610210715
0010000265088201610210715
0010000268358201610210715
0010006365121201610210715
0010006365121201610210715
0010001858405201610210715
0010002276062201610210715
0010008916247201610210715
0010008916247201610210715
0010000259660201610210715
0010001858388201610210716
0010001858388201610210716
0010006407110201610210716
0010001939476201610210716
0010002072274201610210716
0010000246699201610210716
0010000265078201610210717
0010002090603201610210717
0010002276502201610210718
0010002095620201610210718
0010002095620201610210718
0010000283727201610210718
0010000266845201610210718
0010002089428201610210718
0010002282354201610210718
0010002282354201610210718
0010002444091201610210719
0010002444091201610210719
0010008982312201610210719
0010006340632201610210719
0010002383829201610210719
0010000321506201610210719
0010001922876201610210719
0010006365086201610210720
0010002424381201610210720
0010000284068201610210720
0010004842225201610210720
0010004842225201610210720
0010000283801201610210720
0010000273757201610210720
0010002382501201610210720
0010002072010201610210720
0010000330761201610210720
0010000272740201610210720
0010000272740201610210720
0010000259722201610210720
0010002205869201610210720
0010002355782201610210720
0010002355782201610210720
0010007811469201610210720
0010007811469201610210720
0010000269583201610210720
0010002095605201610210720
0010000249240201610210720
0010002441037201610210720
0010001971072201610210720
0010002026224201610210720
0010008916302201610210720
0010000335147201610210720
0010006350677201610210720
0010002337321201610210720
0010007826993201610210720
0010000265101201610210720
0010007837547201610210721
0010002356202201610210721
0010009098972201610210721
0010001858578201610210721
0010000265401201610210721
0010001900694201610210721
0010000246630201610210721
0010000246630201610210721
0010007825486201610210721
0010000265104201610210721
0010001925891201610210721
0010000284078201610210721
0010000305472201610210721
0010000272688201610210722
0010000261412201610210722
0010005194554201610210722
0010007258281201610210722
0010002051709201610210722
0010002051709201610210722
0010002042333201610210722
0010002042333201610210722
0010002042333201610210722
0010002015308201610210722
0010002015308201610210722
0010000265750201610210722
0010006407157201610210722
0010006407157201610210722
0010007842565201610210722
0010007842565201610210722
0010002355435201610210722
0010002355435201610210723
0010002185320201610210723
0010001962252201610210723
0010000300017201610210723
0010000271485201610210723
0010002404142201610210723
0010002053962201610210723
0010000277267201610210723
0010002388721201610210723
0010007838566201610210723
0010002061794201610210724
0010000242563201610210724
0010002170298201610210724
0010000277971201610210724
0010000277971201610210724
0010006370466201610210724
0010008977598201610210724
0010004421037201610210724
0010004421037201610210724
0010002160732201610210724
0010002160732201610210724
0010002026424201610210724
0010002116864201610210724
0010006350817201610210724
0010001990650201610210724
0010001990650201610210724
0010000249307201610210724
0010000242587201610210725
0010007763844201610210725
0010006407220201610210725
0010002453506201610210725
0010006365173201610210725
0010006314626201610210725
0010007812007201610210725
0010000302716201610210725
0010002356349201610210725
0010006370504201610210725
0010002181888201610210725
0010002224720201610210725
0010002224720201610210725
0010006395112201610210725
0010006395112201610210725
0010006400669201610210725
0010006547013201610210725
0010006547013201610210725
0010002351379201610210725
0010006350797201610210725
0010007837442201610210725
0010007693028201610210725
0010002035623201610210725
0010000265411201610210725
0010006348087201610210726
0010006348106201610210726
0010002196651201610210726
0010000314126201610210726
0010000259626201610210726
0010000325535201610210726
0010002172880201610210726
0010002425725201610210726
0010002424523201610210726
0010002053988201610210726
0010008988414201610210726
0010002192638201610210726
0010006400612201610210726
0010002368436201610210726
0010002383074201610210726
0010009099146201610210726
0010002108292201610210726
0010000261033201610210727
0010000261033201610210727
0010007837484201610210727
0010007837484201610210727
0010007561491201610210727
0010006340665201610210727
0010004968092201610210727
0010006365153201610210727
0010006365153201610210727
0010007828628201610210727
0010001972377201610210727
0010006097114201610210727
0010000323161201610210727
0010002101847201610210727
0010000246704201610210727
0010007842897201610210727
0010006220713201610210727
0010006406843201610210727
0010001975989201610210727
0010000267126201610210727
0010009075019201610210727
0010000268614201610210727
0010006407100201610210727
0010000275816201610210727
0010006340612201610210727
0010001888809201610210727
0010001990666201610210727
0010006407170201610210727
0010006340672201610210727
0010002035672201610210727
0010002035672201610210727
0010001882584201610210728
0010001882584201610210728
0010001882584201610210728
0010002161825201610210728
0010002146034201610210728
0010007758578201610210728
0010002276450201610210728
0010006350830201610210728
0010000275813201610210728
0010000275813201610210728
0010000266762201610210728
0010000272152201610210728
0010005194254201610210728
0010000283799201610210728
0010007811458201610210728
0010002402119201610210728
0010002128024201610210728
0010006337818201610210728
0010006337818201610210728
0010000300054201610210729
0010002055979201610210729
0010007842864201610210729
0010002101873201610210729
0010002407831201610210729
0010002101847201610210729
0010000284014201610210729
0010002055978201610210819
0010002111127201610210959
0010000246704201610211130
0010000277128201610211130
0010006407130201610211130
0010002276041201610211130
0010000265411201610211130
0010000335147201610211130
0010006395132201610211130
0010000242563201610211130
0010002356349201610211130
0010006395092201610211130
0010004842225201610211130
0010000242597201610211130
0010001847777201610211130
0010001847777201610211130
0010008903945201610211131
0010001947865201610211131
0010006407180201610211131
0010002172880201610211131
0010002208495201610211131
0010002356202201610211131
0010002231191201610211131
0010002051709201610211131
0010006097114201610211131
0010006365101201610211131
0010006400669201610211131
0010007763844201610211131
0010002895080201610211131
0010002095631201610211131
0010002444091201610211131
0010000259660201610211131
0010006348106201610211131
0010000284068201610211131
0010002363423201610211131
0010007812003201610211131
0010007812003201610211131
0010006395112201610211131
0010002151252201610211131
0010001917145201610211131
0010002055979201610211131
0010002095620201610211131
0010002095620201610211131
0010001939476201610211131
0010000273855201610211131
0010006220713201610211131
0010002160732201610211131
0010000275816201610211131
0010007837484201610211131
0010008976968201610211131
0010000323807201610211131
0010002337319201610211131
0010002295824201610211131
0010002390003201610211131
0010002383074201610211131
0010008916274201610211131
0010000296849201610211131
0010000296849201610211131
0010002176661201610211131
0010000269583201610211131
0010000080865201610211131
0010002108292201610211131
0010001913702201610211132
0010000246630201610211132
0010000266856201610211132
0010007693028201610211132
0010004968092201610211132
0010001916188201610211132
0010006340612201610211132
0010000284021201610211132
0010000265757201610211132
0010002276062201610211132
0010002053988201610211132
0010007758578201610211132
0010001888809201610211132
0010002424381201610211132
0010000267129201610211132
0010000267129201610211132
0010008916302201610211132
0010000283808201610211132
0010002337321201610211132
0010000277971201610211132
0010002185320201610211132
0010000261038201610211132
0010000268613201610211132
0010000269576201610211132
0010001972377201610211132
0010002282354201610211132
0010000259715201610211132
0010000277267201610211132
0010000283870201610211132
0010000265088201610211132
0010000325535201610211132
0010000300071201610211132
0010002383851201610211132
0010002393619201610211132
0010006365106201610211132
0010007842897201610211132
0010006350797201610211132
0010007837442201610211132
0010002053962201610211132
0010000259671201610211133
0010007662864201610211133
0010001852179201610211133
0010000273809201610211133
0010007811469201610211133
0010006547013201610211133
0010002382501201610211133
0010006350750201610211133
0010007837504201610211133
0010006371838201610211133
0010006371838201610211133
0010002026424201610211133
0010000266849201610211133
0010007666966201610211133
0010001990702201610211133
0010002026428201610211133
0010000276230201610211133
0010000266762201610211133
0010000259626201610211133
0010006340665201610211133
0010006340652201610211133
0010002420967201610211133
0010000283727201610211133
0010002042333201610211133
0010002042333201610211133
0010002420927201610211133
0010002420927201610211133
0010005194202201610211133
0010009075019201610211133
0010002355782201610211133
0010002196651201610211133
0010002388721201610211133
0010000268614201610211133
0010000249307201610211133
0010001882584201610211134
0010001882584201610211134
0010002276078201610211134
0010002407831201610211134
0010001858405201610211134
0010007837487201610211134
0010000268613201610211145
0010000261038201610211145
0010002045355201610211146
0010000272152201610211148
0010000266762201610211150
0010002026424201610211151
0010007838566201610211153
0010000300017201610211153
0010002368436201610211153
0010002282354201610211153
0010002276450201610211154
0010007837487201610211154
0010001922876201610211154
0010000321506201610211154
0010002072274201610211154
0010000246694201610211154
0010002276078201610211154
0010007561491201610211155
0010000267129201610211155
0010007758578201610211155
0010007666966201610211200
0010007842897201610211212
0010000300071201610211214
0010000300071201610211214
0010001972377201610211214
0010000273855201610211216
0010007837484201610211216
0010002089428201610211216
0010001954536201610211216
0010002373840201610211217
0010002160732201610211218
0010002101847201610211218
0010002101847201610211218
0010002422203201610211218
0010006365121201610211218
0010006365121201610211218
0010000284068201610211218
0010005194202201610211219
0010000277128201610211219
0010006340652201610211220
0010007812007201610211220
0010000265757201610211220
0010002355782201610211221
0010002355782201610211221
0010007811469201610211221
0010000284021201610211221
0010000265088201610211221
0010002420927201610211221
0010002420927201610211221
0010002356349201610211221
0010006400526201610211221
0010006400526201610211221
0010007812003201610211221
0010007812003201610211221
0010006407170201610211222
0010000265101201610211222
0010000266856201610211222
0010008988414201610211222
0010002337319201610211222
0010001847777201610211222
0010001847777201610211222
0010006340612201610211222
0010002172880201610211222
0010002337321201610211222
0010000266849201610211222
0010001939476201610211223
0010007825486201610211223
0010008903945201610211223
0010002184341201610211223
0010000277267201610211223
0010002382501201610211223
0010000265152201610211223
0010000259660201610211223
0010006406843201610211223
0010006348106201610211223
0010001858578201610211223
0010002051709201610211223
0010000323807201610211223
0010000276230201610211223
0010002356202201610211223
0010000261415201610211224
0010006370504201610211224
0010002095605201610211224
0010006400520201610211224
0010006400520201610211224
0010000283727201610211224
0010000265411201610211224
0010000302705201610211224
0010007662864201610211224
0010007662864201610211224
0010000242563201610211224
0010000259722201610211224
0010000277971201610211224
0010001900694201610211224
0010007259595201610211224
0010009098972201610211224
0010000335147201610211225
0010007837442201610211225
0010001917145201610211225
0010002390003201610211225
0010002295824201610211225
0010006547013201610211225
0010006547013201610211225
0010000269576201610211225
0010000268614201610211225
0010000284014201610211225
0010006395092201610211225
0010001882584201610211225
0010001882584201610211225
0010002072010201610211225
0010001962252201610211225
0010006365101201610211225
0010008977598201610211225
0010001990702201610211225
0010000267133201610211225
0010002420967201610211225
0010002231191201610211226
0010002393619201610211226
0010000283870201610211226
0010000296849201610211226
0010000296849201610211226
0010002181888201610211227
0010002205230201610211227
0010007827036201610211227
0010000275816201610211227
0010002424381201610211227
0010007693028201610211227
0010007763844201610211227
0010002035623201610211227
0010001913702201610211227
0010002407831201610211227
0010008916247201610211227
0010002176661201610211227
0010001960773201610211227
0010000302684201610211227
0010000300044201610211228
0010002276106201610211228
0010000272740201610211228
0010002208495201610211228
0010002055978201610211228
0010006340665201610211228
0010001947865201610211228
0010006350817201610211229
0010000265078201610211230
0010007812003201610211602
0010007812003201610211602
0010002051688201610211630
0010006395188201610211630
0010000300044201610211630
0010009098972201610211631
0010002275826201610211631
0010002051709201610211631
0010000277128201610211631
0010000261037201610211631
0010000242566201610211631
0010007811458201610211631
0010001847777201610211631
0010001847777201610211631
0010000268613201610211631
0010006407130201610211631
0010000300017201610211631
0010007826993201610211631
0010007837487201610211631
0010000246630201610211631
0010002045355201610211631
0010007758578201610211631
0010007561491201610211631
0010008976968201610211632
0010000265078201610211632
0010000272685201610211632
0010000277267201610211632
0010002422203201610211632
0010002356202201610211632
0010001858578201610211632
0010000259722201610211632
0010002205869201610211632
0010002205869201610211632
0010000330761201610211632
0010006400669201610211632
0010000323161201610211632
0010000272740201610211632
0010000272740201610211632
0010000273809201610211632
0010000242563201610211633
0010000259626201610211633
0010001858405201610211633
0010006395092201610211633
0010002197625201610211633
0010001972377201610211633
0010006400520201610211633
0010006400520201610211633
0010000275816201610211634
0010004968092201610211636
0010006314626201610211636
0010006395072201610211636
0010006395072201610211636
0010006395072201610211636
0010007837547201610211646
0010000283954201610211709
0010000283954201610211709
0010002026224201610211720
0010001858434201610211756
0010001858434201610211756
0010004421037201610211756
0010004421037201610211756
0010002128024201610211756
0010006395193201610211800
0010002390003201610211800
0010002356349201610211800
0010000265411201610211800
0010002383074201610211800
0010002276041201610211800
0010002205230201610211800
0010000335147201610211800
0010006395112201610211800
0010002172880201610211800
0010008916247201610211800
0010000265152201610211800
0010000259660201610211800
0010001900694201610211800
0010006097114201610211800
0010002895080201610211800
0010006350817201610211800
0010006407180201610211800
0010002170298201610211800
0010002337321201610211800
0010000261415201610211800
0010000265088201610211800
0010002161825201610211800
0010000302684201610211800
0010002363423201610211800
0010002276450201610211800
0010001990650201610211800
0010007763844201610211800
0010002373840201610211800
0010002185320201610211800
0010000283870201610211800
0010007811469201610211800
0010006340652201610211800
0010000265401201610211800
0010000321506201610211800
0010006350677201610211801
0010002196651201610211801
0010002026424201610211801
0010002072010201610211801
0010001954536201610211801
0010000249307201610211801
0010002351385201610211801
0010002160732201610211801
0010002160732201610211801
0010002055979201610211801
0010007825486201610211801
0010006406843201610211801
0010002176661201610211801
0010002420967201610211801
0010000296849201610211801
0010000296849201610211801
0010000305472201610211801
0010002407831201610211801
0010001975989201610211801
0010001954942201610211801
0010000265149201610211801
0010002383829201610211801
0010006348106201610211801
0010006370466201610211801
0010002276078201610211801
0010002382501201610211801
0010002055978201610211801
0010000246694201610211801
0010006340665201610211801
0010002368436201610211801
0010001939476201610211801
0010001852179201610211802
0010001852179201610211802
0010007662864201610211802
0010007662864201610211802
0010000080865201610211802
0010002035623201610211802
0010007693028201610211802
0010002420927201610211802
0010002420927201610211802
0010006220713201610211802
0010007827036201610211802
0010002141261201610211802
0010000284021201610211802
0010006350797201610211802
0010000266849201610211802
0010001882584201610211802
0010001882584201610211802
0010000268614201610211802
0010009075019201610211802
0010002181888201610211802
0010001960773201610211802
0010000300054201610211802
0010000300054201610211802
0010006340612201610211802
0010000283727201610211802
0010000259671201610211802
0010000259671201610211802
0010000268358201610211802
0010001990666201610211803
0010000284014201610211803
0010000259715201610211803
0010000284068201610211803
0010006407157201610211803
0010006407157201610211803
0010000267126201610211803
0010002393619201610211803
0010006547013201610211803
0010007827036201610211804
0010004850160201610211804
0010004850160201610211804
0010006408036201610211804
0010002276106201610211804
0010007842864201610212003
0010007842864201610212003
0010006340632201610212003
0010007837547201610212004
0010006340625201610212005
0010006395072201610220659
0010006395072201610220659
0010000283801201610220713
0010004421037201610220713
0010004421037201610220713
0010000277267201610220714
0010008903945201610220715
0010008903945201610220715
0010002276062201610220715
0010007627693201610220715
0010002422203201610220716
0010002072010201610220716
0010001939476201610220716
0010000268358201610220716
0010002275826201610220716
0010006340652201610220716
0010006350810201610220716
0010000246699201610220716
0010000283727201610220716
0010001960773201610220716
0010002351385201610220717
0010000277971201610220717
0010000277971201610220717
0010000321506201610220717
0010000321506201610220717
0010000269576201610220717
0010000269576201610220717
0010006350750201610220717
0010008977598201610220717
0010002383829201610220717
0010002072274201610220717
0010001954942201610220717
0010004842225201610220717
0010004842225201610220717
0010000273809201610220717
0010000273809201610220717
0010000305472201610220718
0010002055979201610220718
0010002174622201610220718
0010007837484201610220718
0010006365086201610220718
0010002424381201610220719
0010000272688201610220719
0010002089428201610220719
0010007825486201610220719
0010007825486201610220719
0010001971072201610220719
0010007837547201610220719
0010000330761201610220719
0010000272740201610220719
0010000272740201610220719
0010006408036201610220719
0010000242587201610220719
0010000265101201610220719
0010000266845201610220719
0010002420927201610220719
0010002420927201610220720
0010002053962201610220720
0010006365101201610220720
0010000242566201610220720
0010002181888201610220720
0010007763844201610220720
0010002441037201610220720
0010002404142201610220720
0010002404142201610220720
0010000265088201610220720
0010000302705201610220720
0010000269583201610220720
0010000269583201610220720
0010007259595201610220720
0010000325535201610220720
0010006407147201610220720
0010000271485201610220720
0010001913702201610220720
0010008916247201610220721
0010007811409201610220721
0010000323161201610220721
0010006370401201610220721
0010002140171201610220721
0010002140171201610220721
0010007763742201610220721
0010007763742201610220721
0010008982312201610220721
0010008991647201610220721
0010007763841201610220721
0010000261038201610220721
0010000265078201610220721
0010000249307201610220722
0010000249307201610220722
0010000246630201610220722
0010000246630201610220722
0010009099146201610220722
0010002108292201610220722
0010002172880201610220722
0010001858388201610220722
0010001858388201610220722
0010002276502201610220722
0010002045672201610220722
0010004968092201610220722
0010002453506201610220722
0010009098972201610220722
0010000302684201610220722
0010002061794201610220722
0010009075019201610220722
0010002355435201610220722
0010000321486201610220723
0010002282354201610220723
0010006340665201610220723
0010000265750201610220723
0010000265152201610220723
0010002231191201610220723
0010001954536201610220723
0010002051709201610220723
0010001888809201610220723
0010000265757201610220723
0010006350817201610220723
0010006400526201610220723
0010006400526201610220723
0010006407157201610220723
0010006407157201610220723
0010002337321201610220723
0010001990650201610220723
0010006400520201610220723
0010006400520201610220723
0010007258281201610220723
0010004850160201610220723
0010004850160201610220723
0010002116864201610220723
0010002116864201610220723
0010007837442201610220723
0010007812007201610220724
0010000261415201610220724
0010000242563201610220724
0010006365174201610220724
0010006400669201610220724
0010002390003201610220724
0010006547013201610220724
0010006547013201610220724
0010000242590201610220724
0010000242590201610220724
0010000267126201610220724
0010000272152201610220724
0010006365173201610220724
0010000335147201610220724
0010002355782201610220724
0010002355782201610220724
0010002196651201610220724
0010007811469201610220724
0010006406843201610220724
0010002151252201610220724
0010002101873201610220724
0010002276450201610220724
0010000296849201610220724
0010000296849201610220724
0010000296849201610220724
0010002026428201610220724
0010002026428201610220725
0010007838566201610220725
0010000300017201610220725
0010001922876201610220725
0010002161825201610220725
0010000261412201610220725
0010008976968201610220725
0010007693028201610220725
0010000259681201610220725
0010002205869201610220725
0010002053988201610220725
0010001925891201610220725
0010002224720201610220725
0010002224720201610220725
0010002026425201610220725
0010002015308201610220725
0010000268614201610220725
0010002192638201610220725
0010000265411201610220725
0010006220713201610220725
0010000325468201610220726
0010000325468201610220726
0010000259715201610220726
0010000259715201610220726
0010006407220201610220726
0010006365153201610220726
0010006365153201610220726
0010002042333201610220726
0010002042333201610220726
0010000259626201610220726
0010006370466201610220726
0010002276106201610220726
0010006407170201610220726
0010002045355201610220726
0010008988414201610220726
0010000266762201610220726
0010007826993201610220726
0010000302716201610220726
0010000314126201610220726
0010000284021201610220726
0010000300054201610220726
0010000300054201610220726
0010001882584201610220726
0010001882584201610220726
0010008988225201610220726
0010006340672201610220726
0010007662864201610220726
0010007662864201610220726
0010007811418201610220726
0010002055978201610220726
0010002055978201610220726
0010005194254201610220726
0010006350830201610220726
0010000284014201610220727
0010002146034201610220727
0010000242548201610220727
0010002111127201610220727
0010002424523201610220727
0010000268613201610220727
0010000259722201610220727
0010006400612201610220727
0010002425725201610220727
0010002035672201610220727
0010002035672201610220727
0010001947865201610220727
0010006340612201610220727
0010007758578201610220727
0010000267124201610220727
0010002407831201610220728
0010006395112201610220728
0010006395112201610220728
0010006097114201610220728
0010000284068201610220728
0010002393619201610220728
0010000283799201610220728
0010002402119201610220728
0010002101838201610220728
0010002185305201610220728
0010006340632201610220728
0010002101847201610220728
0010002197625201610220729
0010000246694201610220729
0010007811458201610220731
0020007812003201610200600
0020007812003201610200600
0020006371838201610200626
0020006371838201610200626
0020000320827201610200712
0020002199922201610200715
0020002199922201610200715
0020007827036201610200715
0020006395188201610200716
0020006395188201610200716
0020006395092201610200716
0020000259666201610200716
0020000283727201610200716
0020000302705201610200717
0020000265078201610200718
0020002151252201610200718
0020002390003201610200718
0020002276041201610200718
0020006370401201610200718
0020002282186201610200719
0020002053962201610200719
0020002276450201610200719
0020002208495201610200719
0020002420967201610200719
0020007837504201610200720
0020007837504201610200720
0020007837504201610200720
0020006350750201610200720
0020001913702201610200720
0020000246699201610200720
0020000273855201610200720
0020000249240201610200720
0020008916247201610200720
0020006407170201610200720
0020000284078201610200720
0020002368436201610200720
0020007842565201610200720
0020007842565201610200720
0020000265401201610200720
0020000273757201610200720
0020002172880201610200720
0020000269583201610200720
0020000269583201610200720
0020007561491201610200721
0020001990702201610200721
0020007259595201610200721
0020006365174201610200721
0020000265101201610200721
0020002119270201610200721
0020007259594201610200721
0020007259594201610200721
0020002045672201610200721
0020000246630201610200721
0020002061794201610200721
0020000284021201610200721
0020002176661201610200721
0020005194254201610200721
0020000266849201610200721
0020000266849201610200721
0020001960773201610200721
0020000284014201610200721
0020006400520201610200721
0020006400520201610200721
0020007825486201610200721
0020008961788201610200721
0020008961788201610200721
0020002035623201610200721
0020000284071201610200721
0020008991647201610200722
0020008916274201610200722
0020000259671201610200722
0020000259671201610200722
0020006350777201610200722
0020006365106201610200722
0020006365106201610200722
0020006350817201610200722
0020006350817201610200722
0020008916302201610200722
0020002141261201610200722
0020000242590201610200722
0020000242590201610200722
0020001975989201610200722
0020002026428201610200722
0020000296849201610200722
0020000296849201610200722
0020000277267201610200722
0020000276230201610200722
0020002095605201610200722
0020007666966201610200722
0020007666966201610200722
0020002231191201610200722
0020006395193201610200723
0020002054003201610200723
0020002051688201610200723
0020004968092201610200723
0020000325468201610200723
0020000325468201610200723
0020000321486201610200723
0020000080865201610200723
0020000300049201610200723
0020000307190201610200723
0020000267129201610200723
0020000267129201610200723
0020002140171201610200723
0020002140171201610200723
0020000300044201610200724
0020001852179201610200724
0020001852179201610200724
0020008988225201610200724
0020001917145201610200724
0020002393619201610200725
0020000261033201610200725
0020000261033201610200725
0020002388721201610200725
0020000283870201610200725
0020000283870201610200725
0020000283808201610200725
0020002276106201610200725
0020007842897201610200725
0020002101847201610200726
0020006370466201610200726
0020002425725201610200726
0020006407130201610200726
0020007627693201610200726
0020007627693201610200726
0020002236732201610200726
0020001847777201610200726
0020001847777201610200726
0020006407100201610200726
0020000275816201610200726
0020007837487201610200726
0020002045355201610200726
0020007763841201610200727
0020000242597201610200727
0020002095631201610200727
0020006348106201610200727
0020006365141201610200727
0020006365141201610200727
0020000323807201610200727
0020000261037201610200727
0020008976968201610200727
0020002176662201610200727
0020006350830201610200727
0020005194202201610200727
0020006350797201610200727
0020002356202201610200728
0020000267133201610200728
0020000267124201610200728
0020007842864201610200728
0020006097114201610200728
0020001913799201610200728
0020008988414201610200728
0020000266856201610200728
0020002045355201610201130
0020002045355201610201130
0020000249240201610201130
0020000320827201610201130
0020001847777201610201130
0020001847777201610201130
0020002032039201610201130
0020007842565201610201130
0020002101838201610201130
0020002205230201610201130
0020007811409201610201130
0020001962252201610201130
0020006407100201610201130
0020002185305201610201130
0020002140171201610201130
0020002140171201610201130
0020002351379201610201130
0020008961788201610201130
0020000267133201610201130
0020002054003201610201130
0020001962111201610201131
0020000265411201610201131
0020000283801201610201131
0020002101847201610201131
0020002181888201610201131
0020002090603201610201131
0020002425725201610201131
0020007763742201610201131
0020007763742201610201131
0020006395193201610201131
0020006371838201610201131
0020006371838201610201131
0020000284078201610201131
0020000284071201610201131
0020008988225201610201131
0020006340592201610201131
0020002276041201610201131
0020006395132201610201131
0020000266845201610201131
0020002199922201610201131
0020002174622201610201131
0020006365121201610201131
0020006365121201610201131
0020000242563201610201131
0020002172880201610201131
0020000246699201610201131
0020001917145201610201131
0020006407180201610201131
0020000242597201610201131
0020007812007201610201131
0020006400669201610201131
0020000265101201610201131
0020001947865201610201131
0020006365174201610201131
0020000265078201610201131
0020001898500201610201131
0020007258281201610201131
0020007826993201610201131
0020001858578201610201131
0020000284068201610201131
0020000300017201610201131
0020007838566201610201131
0020002275826201610201131
0020002151252201610201131
0020002151252201610201131
0020000307190201610201131
0020008982312201610201131
0020000325468201610201132
0020000265750201610201132
0020006348087201610201132
0020002119270201610201132
0020000259681201610201132
0020000242566201610201132
0020000330761201610201132
0020000261037201610201132
0020000314126201610201132
0020002424523201610201132
0020007811458201610201132
0020002192638201610201132
0020000261033201610201132
0020002045672201610201132
0020002276502201610201132
0020009098972201610201132
0020006406843201610201132
0020001990650201610201132
0020000267124201610201132
0020006400526201610201132
0020000269583201610201132
0020009099146201610201132
0020002053988201610201132
0020002095605201610201132
0020001990702201610201132
0020008916247201610201132
0020001913702201610201132
0020002441037201610201132
0020000325535201610201132
0020000269576201610201132
0020002337319201610201132
0020002295824201610201132
0020002276450201610201132
0020000321486201610201132
0020000261412201610201132
0020001900694201610201132
0020000265149201610201132
0020001916188201610201132
0020002351385201610201132
0020006407157201610201132
0020006407110201610201132
0020001858388201610201132
0020000268358201610201132
0020002101873201610201132
0020000302716201610201132
0020000080865201610201132
0020001888809201610201133
0020001971072201610201133
0020000265401201610201133
0020002185320201610201133
0020000300054201610201133
0020006350677201610201133
0020000273809201610201133
0020002382501201610201133
0020007837547201610201133
0020007259595201610201133
0020006340632201610201133
0020009075019201610201133
0020006408036201610201133
0020000242590201610201133
0020000242590201610201133
0020002015308201610201133
0020002053962201610201133
0020006370401201610201133
0020001990666201610201133
0020006365086201610201133
0020000242548201610201133
0020005194254201610201133
0020005194554201610201133
0020000302684201610201133
0020002061794201610201133
0020002026425201610201133
0020000321506201610201133
0020002355435201610201133
0020006350810201610201133
0020000268614201610201133
0020008988414201610201133
0020002276078201610201133
0020002072274201610201133
0020000305472201610201133
0020000275813201610201133
0020000242587201610201133
0020006400612201610201133
0020007627693201610201133
0020008991647201610201133
0020002196651201610201134
0020000246694201610201134
0020007828628201610201134
0020000267126201610201134
0020001975989201610201134
0020001858405201610201134
0020002161825201610201134
0020002205869201610201134
0020000259626201610201134
0020002089428201610201134
0020002404142201610201134
0020002026428201610201134
0020001960773201610201134
0020000283808201610201134
0020000271485201610201134
0020000272152201610201134
0020002146034201610201134
0020006350830201610201134
0020002055978201610201134
0020002368436201610201134
0020001954942201610201134
0020001954942201610201134
0020000272740201610201134
0020006350817201610201134
0020001922876201610201134
0020006340672201610201135
0020001882584201610201135
0020001882584201610201135
0020000273757201610201135
0020000273757201610201135
0020007763841201610201135
0020006407170201610201135
0020007842897201610201136
0020002090603201610201139
0020002054003201610201139
0020002032039201610201142
0020000272152201610201143
0020007811409201610201146
0020002101838201610201148
0020008988414201610201149
0020009099146201610201149
0020002108292201610201149
0020000261033201610201149
0020000275813201610201150
0020000275813201610201150
0020002174590201610201150
0020006400612201610201150
0020007837504201610201151
0020007837504201610201151
0020000320827201610201155
0020000249240201610201155
0020007763841201610201158
0020000305472201610201213
0020000277128201610201213
0020001917145201610201214
0020000265757201610201216
0020001852179201610201217
0020001852179201610201217
0020002276106201610201217
0020000252341201610201217
0020002042333201610201217
0020002042333201610201217
0020000259626201610201217
0020002015308201610201217
0020006348087201610201217
0020000330761201610201218
0020000259715201610201219
0020008982312201610201219
0020002441037201610201219
0020001971072201610201219
0020007842565201610201219
0020008916274201610201219
0020002295824201610201219
0020002295824201610201219
0020000272688201610201219
0020005194554201610201219
0020000273809201610201219
0020002444091201610201219
0020000300054201610201220
0020000300054201610201220
0020006400526201610201220
0020006400526201610201220
0020000314126201610201220
0020000314126201610201220
0020002161825201610201220
0020000321486201610201220
0020007812007201610201220
0020000269583201610201220
0020002424523201610201220
0020004968092201610201220
0020002045672201610201220
0020006365086201610201221
0020002141261201610201221
0020002051688201610201221
0020000267126201610201221
0020002276502201610201221
0020001858388201610201221
0020006407110201610201221
0020006407110201610201221
0020006406843201610201222
0020000273757201610201222
0020002424381201610201222
0020000266845201610201222
0020001972377201610201222
0020001972377201610201222
0020006400669201610201222
0020002116864201610201222
0020002895080201610201222
0020006407180201610201222
0020002095631201610201222
0020001888809201610201222
0020000246699201610201222
0020002351379201610201223
0020007259595201610201223
0020002051709201610201223
0020002051709201610201223
0020006340672201610201223
0020001858578201610201223
0020002196651201610201223
0020006407157201610201223
0020006340592201610201223
0020000265750201610201223
0020000265101201610201223
0020002351385201610201223
0020007763742201610201223
0020007763742201610201223
0020000277971201610201223
0020007837442201610201223
0020006370466201610201223
0020002383829201610201223
0020006371838201610201223
0020006371838201610201223
0020008977598201610201223
0020002208495201610201223
0020000284014201610201224
0020000242590201610201224
0020000242590201610201224
0020000249307201610201224
0020000261415201610201224
0020002205869201610201224
0020002383851201610201224
0020002404142201610201224
0020002363423201610201224
0020001990650201610201224
0020006365141201610201224
0020000284021201610201224
0020006365153201610201224
0020001847777201610201224
0020001847777201610201224
0020002035672201610201224
0020002035672201610201224
0020000323807201610201224
0020000323807201610201224
0020006407130201610201224
0020000284071201610201224
0020002276450201610201224
0020008988225201610201224
0020002055979201610201224
0020000284078201610201225
0020002151252201610201225
0020002151252201610201225
0020002275826201610201225
0020002275826201610201225
0020001990702201610201225
0020000271485201610201225
0020002420967201610201225
0020007826993201610201225
0020000267133201610201225
0020006220713201610201225
0020006097114201610201225
0020008916247201610201225
0020002393619201610201225
0020007827036201610201225
0020006365232201610201225
0020000302716201610201225
0020002095605201610201225
0020000242563201610201225
0020006395193201610201225
0020006395132201610201226
0020002231191201610201226
0020008961788201610201226
0020002276041201610201226
0020001954942201610201226
0020000242597201610201226
0020002181888201610201226
0020000242566201610201226
0020004842225201610201226
0020004842225201610201226
0020000325535201610201226
0020002146034201610201226
0020006365106201610201226
0020000307190201610201226
0020002276078201610201226
0020007258281201610201226
0020002205230201610201226
0020002282186201610201226
0020000272740201610201227
0020000080865201610201227
0020002119270201610201227
0020002101873201610201227
0020000300049201610201227
0020006370401201610201227
0020000275816201610201227
0020000300044201610201227
0020006407100201610201227
0020000283808201610201227
0020007811458201610201227
0020000259666201610201227
0020000259666201610201227
0020001962252201610201227
0020001898500201610201227
0020002192638201610201228
0020002192638201610201228
0020002192638201610201228
0020007828628201610201228
0020009075019201610201228
0020006408036201610201228
0020001925891201610201228
0020002111127201610201228
0020002095620201610201228
0020002095620201610201228
0020008976968201610201228
0020005194254201610201228
0020002355435201610201229
0020002355435201610201229
0020002276062201610201229
0020002053988201610201229
0020001898500201610201442
0020002176662201610201533
0020006371838201610201601
0020006371838201610201601
0020000320827201610201630
0020000249240201610201630
0020002425725201610201630
0020000284078201610201630
0020000284071201610201630
0020007837484201610201630
0020007837484201610201630
0020000267133201610201630
0020002356349201610201630
0020002095620201610201630
0020002095620201610201630
0020002101847201610201630
0020006407147201610201630
0020006395188201610201630
0020006365121201610201630
0020006365121201610201630
0020002035672201610201630
0020002035672201610201630
0020008988225201610201630
0020000272685201610201631
0020001962111201610201631
0020000276230201610201631
0020006340592201610201631
0020000261037201610201631
0020002054003201610201631
0020002184341201610201631
0020002185305201610201631
0020002174622201610201631
0020000277267201610201631
0020006365174201610201631
0020000325535201610201631
0020000242566201610201631
0020000300071201610201631
0020000261412201610201631
0020001916188201610201631
0020000307190201610201631
0020007837547201610201632
0020007561491201610201632
0020006407220201610201632
0020000259626201610201632
0020000321486201610201632
0020000267124201610201632
0020002053988201610201632
0020002108292201610201632
0020000242563201610201632
0020008916274201610201632
0020000300049201610201632
0020008988414201610201632
0020000265078201610201632
0020000266762201610201632
0020007837442201610201632
0020002196651201610201632
0020000272152201610201632
0020008976968201610201632
0020001852179201610201632
0020001852179201610201632
0020000269576201610201632
0020000269576201610201632
0020006220713201610201632
0020000267129201610201632
0020000267129201610201632
0020000302716201610201632
0020007666966201610201632
0020001900694201610201632
0020000284014201610201632
0020002015308201610201632
0020002015308201610201632
0020007811458201610201633
0020002089428201610201633
0020005194254201610201633
0020005194254201610201633
0020002351379201610201633
0020009099146201610201633
0020000261033201610201633
0020000261033201610201633
0020002055978201610201633
0020002388721201610201633
0020007842897201610201634
0020007811409201610201634
0020006314626201610201634
0020006365173201610201634
0020006365173201610201635
0020002026224201610201635
0020008991647201610201635
0020007627693201610201635
0020002197625201610201636
0020004284196201610201636
0020004284196201610201636
0020000252341201610201638
0020000276230201610201639
0020000283954201610201640
0020000283954201610201640
0020006395129201610201641
0020002174622201610201642
0020002185305201610201645
0020000272152201610201645
0020006340632201610201645
0020007837442201610201645
0020007837547201610201645
0020002224720201610201647
0020002224720201610201647
0020007259594201610201710
0020007259594201610201710
0020007259594201610201710
0020001962252201610201800
0020002101838201610201800
0020000266845201610201800
0020000266845201610201800
0020007258281201610201800
0020001917145201610201800
0020007763742201610201800
0020007763742201610201800
0020007812007201610201800
0020006395092201610201800
0020000265101201610201800
0020008903945201610201800
0020002424523201610201800
0020000242597201610201800
0020002095605201610201800
0020000242587201610201800
0020006400526201610201800
0020002205230201610201800
0020000269583201610201800
0020000314126201610201800
0020002895080201610201801
0020006348087201610201801
0020002424381201610201801
0020002061794201610201801
0020002337321201610201801
0020001990666201610201801
0020008982312201610201801
0020006365153201610201801
0020006365153201610201801
0020002441037201610201801
0020000323807201610201801
0020002045672201610201801
0020002444091201610201801
0020001990702201610201801
0020000261415201610201801
0020002355435201610201801
0020001858388201610201801
0020006407110201610201801
0020001971072201610201801
0020006370401201610201801
0020002072010201610201801
0020000272688201610201801
0020000265149201610201801
0020002208495201610201801
0020008977598201610201801
0020008977598201610201801
0020006365141201610201801
0020006365141201610201801
0020000275813201610201801
0020000275813201610201801
0020000273757201610201801
0020000277971201610201801
0020002192638201610201801
0020002101873201610201801
0020008916302201610201801
0020000283870201610201802
0020002072274201610201802
0020000271485201610201802
0020000259715201610201802
0020002151252201610201802
0020002140171201610201802
0020002140171201610201802
0020007827036201610201802
0020007842565201610201802
0020000242590201610201802
0020000242590201610201802
0020002053962201610201802
0020000302684201610201802
0020002111127201610201802
0020001975989201610201802
0020002383829201610201802
0020006340672201610201802
0020006370466201610201802
0020001922876201610201802
0020000246699201610201802
0020002146034201610201802
0020005194554201610201802
0020002026428201610201802
0020002026428201610201802
0020006350830201610201802
0020006365106201610201802
0020002276078201610201802
0020001888809201610201802
0020006365086201610201802
0020001882584201610201803
0020001882584201610201803
0020006350810201610201803
0020006350797201610201803
0020000302705201610201803
0020006400612201610201803
0020002368436201610201803
0020007828628201610201803
0020002095631201610201803
0020000246694201610201803
0020000259666201610201803
0020006407170201610201803
0020000265757201610201803
0020006407180201610201804
0020004842225201610201804
0020004842225201610201804
0020007763841201610201805
0020000283801201610201805
0020000283801201610201805
0020002090603201610201805
0020002090603201610201806
0020001858434201610201839
0020001858434201610201839
0020001947865201610202000
0020001947865201610202000
0020002174622201610202000
0020006340632201610202001
0020000276230201610202001
0020000272152201610202002
0020007837442201610202002
0020007812003201610210606
0020007812003201610210606
0020006371838201610210634
0020006371838201610210634
0020006371838201610210634
0020008903945201610210714
0020006395092201610210714
0020002275826201610210714
0020002420927201610210715
0020002420927201610210715
0020002184341201610210715
0020006350810201610210715
0020002276041201610210715
0020008976968201610210716
0020006340625201610210716
0020000273809201610210716
0020002895080201610210717
0020002282186201610210717
0020006395188201610210718
0020006395188201610210718
0020000277128201610210718
0020000302705201610210718
0020002373840201610210719
0020000320827201610210719
0020006395129201610210719
0020001858434201610210719
0020001858434201610210719
0020001973798201610210719
0020001973798201610210719
0020002276078201610210720
0020002045672201610210720
0020002045672201610210720
0020006350750201610210720
0020007837504201610210720
0020007837504201610210720
0020008916274201610210720
0020007627693201610210720
0020001960773201610210720
0020001954942201610210720
0020001954942201610210720
0020000276230201610210720
0020004284196201610210720
0020004284196201610210720
0020002295824201610210720
0020001916188201610210720
0020000242590201610210720
0020007763742201610210720
0020007763742201610210720
0020001954536201610210720
0020001954536201610210720
0020007827036201610210721
0020002119270201610210721
0020004850160201610210721
0020004850160201610210721
0020000080865201610210721
0020000267129201610210721
0020000267129201610210721
0020000325468201610210722
0020000325468201610210722
0020006400526201610210722
0020006400526201610210722
0020007666966201610210722
0020007259595201610210722
0020002054003201610210722
0020002054003201610210722
0020001852179201610210722
0020001852179201610210722
0020002176662201610210722
0020006370401201610210722
0020000259681201610210722
0020000269576201610210722
0020000269576201610210723
0020000302684201610210723
0020002185305201610210723
0020000283808201610210723
0020002231191201610210723
0020001913702201610210723
0020002390003201610210723
0020000268613201610210723
0020000267133201610210723
0020000284071201610210723
0020002420967201610210724
0020002208495201610210724
0020000265159201610210724
0020000265159201610210724
0020006395193201610210724
0020002393619201610210724
0020002176661201610210724
0020000259671201610210724
0020000259671201610210724
0020006400520201610210724
0020006400520201610210725
0020002419353201610210725
0020000284021201610210725
0020002383851201610210725
0020002383851201610210725
0020007662864201610210725
0020000266849201610210725
0020000266849201610210725
0020000259715201610210725
0020006365101201610210725
0020006407180201610210725
0020001962111201610210725
0020001917145201610210725
0020000273855201610210725
0020006365174201610210725
0020000242566201610210725
0020002045355201610210725
0020000261415201610210725
0020007763841201610210725
0020000321486201610210725
0020006340592201610210725
0020002337319201610210726
0020002151252201610210726
0020002174590201610210726
0020006350817201610210726
0020002051688201610210727
0020000323807201610210727
0020001990702201610210727
0020007827036201610210727
0020002363423201610210727
0020000283954201610210727
0020000300049201610210727
0020004968092201610210727
0020000259666201610210727
0020002276106201610210727
0020002141261201610210727
0020002026428201610210727
0020001947865201610210727
0020000261037201610210727
0020006407130201610210727
0020000296849201610210727
0020000296849201610210727
0020006365106201610210727
0020006365106201610210727
0020000242597201610210727
0020008988225201610210727
0020001847777201610210727
0020001847777201610210727
0020000266856201610210727
0020000265757201610210727
0020000300044201610210727
0020002205230201610210727
0020000265149201610210728
0020005194202201610210728
0020007837487201610210728
0020000242548201610210728
0020002101838201610210728
0020000300071201610210728
0020000300071201610210728
0020000283870201610210728
0020002197625201610210728
0020002197625201610210728
0020007259594201610210728
0020007259594201610210728
0020000272685201610210728
0020000272685201610210728
0020002095631201610210728
0020006408036201610210728
0020000246694201610210729
0020006365141201610210729
0020006365141201610210729
0020006395132201610210729
0020001990666201610210729
0020000267124201610210729
0020002419353201610210833
0020002101838201610211125
0020002116864201610211129
0020000265078201610211130
0020001962252201610211130
0020002181888201610211130
0020002185305201610211130
0020000267133201610211130
0020000300044201610211130
0020006395188201610211130
0020002425725201610211130
0020002054003201610211130
0020000323161201610211130
0020000323161201610211130
0020002035672201610211130
0020002035672201610211130
0020006407220201610211130
0020006395193201610211130
0020001962111201610211130
0020002282186201610211130
0020000284078201610211130
0020002351379201610211130
0020007258281201610211130
0020000284071201610211130
0020007763742201610211130
0020007827036201610211130
0020008988225201610211130
0020007842565201610211130
0020002192638201610211130
0020002192638201610211130
0020006407100201610211130
0020002095605201610211131
0020006365121201610211131
0020007812007201610211131
0020000265101201610211131
0020002101847201610211131
0020000265152201610211131
0020006340592201610211131
0020000272685201610211131
0020000266845201610211131
0020002275826201610211131
0020000272688201610211131
0020006365141201610211131
0020000246699201610211131
0020001858578201610211131
0020007811458201610211131
0020002205230201610211131
0020002276106201610211131
0020000330761201610211131
0020000300049201610211131
0020000307190201610211131
0020001954536201610211131
0020006365153201610211131
0020002035623201610211131
0020002422203201610211131
0020006348087201610211131
0020000265750201610211131
0020007561491201610211131
0020007838566201610211131
0020000300017201610211131
0020002051688201610211131
0020002161825201610211131
0020000261037201610211131
0020002045355201610211131
0020008916247201610211131
0020000259722201610211131
0020002045672201610211131
0020008982312201610211131
0020000314126201610211131
0020007826993201610211131
0020000267124201610211131
0020002184341201610211132
0020006406843201610211132
0020006407110201610211132
0020001858388201610211132
0020000325468201610211132
0020009098972201610211132
0020002119270201610211132
0020000242566201610211132
0020001990650201610211132
0020009099146201610211132
0020008988414201610211132
0020006365174201610211132
0020006400526201610211132
0020002276502201610211132
0020000261033201610211132
0020007259595201610211132
0020002424523201610211132
0020002170298201610211132
0020000261412201610211132
0020000302716201610211132
0020002373840201610211132
0020001900694201610211132
0020006407157201610211132
0020001971072201610211132
0020000321486201610211132
0020000265149201610211132
0020000265401201610211132
0020002441037201610211132
0020000261415201610211132
0020001990666201610211132
0020001960773201610211132
0020002061794201610211132
0020006370504201610211132
0020002072010201610211132
0020000300054201610211132
0020000259681201610211132
0020006408036201610211132
0020006350677201610211132
0020002355435201610211132
0020000302684201610211132
0020000273757201610211132
0020006400612201610211133
0020000242587201610211133
0020002276450201610211133
0020007828628201610211133
0020000242590201610211133
0020005194254201610211133
0020006400520201610211133
0020002015308201610211133
0020002090603201610211133
0020002351385201610211133
0020000302705201610211133
0020006370466201610211133
0020002383829201610211133
0020008977598201610211133
0020008977598201610211133
0020006365086201610211133
0020005194554201610211133
0020000249240201610211133
0020000320827201610211133
0020002174590201610211133
0020002101873201610211133
0020000275813201610211133
0020000275813201610211133
0020000305472201610211133
0020002089428201610211133
0020006350817201610211133
0020002072274201610211133
0020001975989201610211133
0020001922876201610211133
0020000321506201610211133
0020002404142201610211133
0020002368436201610211133
0020000267126201610211133
0020006370401201610211133
0020000242548201610211133
0020000246694201610211133
0020002032039201610211133
0020002055978201610211133
0020006340625201610211133
0020000271485201610211134
0020006365106201610211134
0020002205869201610211134
0020002205869201610211134
0020000272740201610211134
0020000268358201610211134
0020006350810201610211134
0020006340672201610211134
0020002146034201610211134
0020006350830201610211134
0020001954942201610211134
0020000284014201610211134
0020004850160201610211134
0020004850160201610211134
0020000283799201610211134
0020007627693201610211135
0020007627693201610211135
0020006407170201610211135
0020002141261201610211135
0020000272152201610211135
0020007837547201610211135
0020007763841201610211136
0020000283801201610211139
0020002032039201610211140
0020002054003201610211141
0020002101838201610211145
0020007842864201610211145
0020007842864201610211145
0020000275813201610211148
0020009099146201610211148
0020000261038201610211148
0020000261033201610211150
0020006400612201610211154
0020002174590201610211154
0020000275813201610211155
0020000275813201610211155
0020002424523201610211156
0020007763841201610211200
0020001858405201610211201
0020000259715201610211214
0020002051688201610211216
0020001916188201610211216
0020001852179201610211216
0020001852179201610211216
0020006350810201610211218
0020006348087201610211218
0020000273809201610211218
0020000268358201610211218
0020005194554201610211219
0020007842565201610211219
0020007842565201610211219
0020008988225201610211219
0020002108292201610211219
0020008982312201610211219
0020008982312201610211219
0020006407170201610211219
0020000242587201610211219
0020000265750201610211219
0020002042333201610211220
0020002042333201610211220
0020002276502201610211220
0020000330761201610211221
0020002045672201610211221
0020007763742201610211221
0020000305472201610211221
0020002015308201610211221
0020002015308201610211221
0020006350677201610211221
0020008916274201610211221
0020002035672201610211222
0020002035672201610211222
0020000272688201610211222
0020002146034201610211222
0020002161825201610211222
0020006340592201610211222
0020006371838201610211222
0020006371838201610211222
0020000242590201610211222
0020000242590201610211222
0020000320827201610211222
0020000249240201610211222
0020000259626201610211222
0020002444091201610211222
0020004850160201610211222
0020004850160201610211222
0020000314126201610211222
0020006350750201610211222
0020007837504201610211222
0020007837504201610211222
0020001962111201610211223
0020007627693201610211223
0020002351379201610211223
0020002095631201610211223
0020006407180201610211223
0020001858388201610211223
0020001858388201610211223
0020006407110201610211223
0020006407110201610211223
0020000246699201610211223
0020002363423201610211223
0020002425725201610211223
0020000284071201610211223
0020002895080201610211223
0020002116864201610211223
0020006400669201610211223
0020000284078201610211223
0020002351385201610211223
0020006365141201610211223
0020006395132201610211224
0020002441037201610211224
0020001971072201610211224
0020004842225201610211224
0020004842225201610211224
0020002196651201610211224
0020000300054201610211224
0020000300054201610211224
0020001990650201610211224
0020006350817201610211224
0020000273757201610211224
0020002055979201610211224
0020000323161201610211224
0020000323161201610211224
0020000323161201610211224
0020000242597201610211224
0020000259671201610211224
0020000259671201610211224
0020006407220201610211224
0020000259681201610211224
0020001954942201610211224
0020002275826201610211224
0020002275826201610211224
0020007826993201610211224
0020006365174201610211224
0020002151252201610211224
0020007258281201610211224
0020006370466201610211224
0020002383829201610211224
0020000283799201610211225
0020002383074201610211225
0020006365086201610211225
0020000265401201610211225
0020006407157201610211225
0020006407157201610211225
0020002282186201610211225
0020000261412201610211225
0020000267126201610211225
0020000321486201610211225
0020008916302201610211225
0020002404142201610211225
0020000266845201610211225
0020001888809201610211225
0020004968092201610211225
0020006340672201610211225
0020000302716201610211225
0020005194254201610211225
0020006395112201610211225
0020006097114201610211225
0020000325468201610211225
0020000269583201610211225
0020000269583201610211225
0020006395193201610211225
0020002053962201610211225
0020002205869201610211226
0020002276041201610211226
0020000246630201610211226
0020000242548201610211226
0020001975989201610211226
0020006365153201610211226
0020006365153201610211226
0020006365106201610211226
0020001990666201610211226
0020002026428201610211226
0020002185320201610211226
0020006220713201610211226
0020008976968201610211226
0020000307190201610211226
0020000300049201610211226
0020000259666201610211226
0020006407100201610211226
0020001925891201610211226
0020002111127201610211226
0020002061794201610211227
0020000242566201610211227
0020000080865201610211227
0020000271485201610211227
0020007811458201610211227
0020000261037201610211227
0020002170298201610211227
0020006395188201610211227
0020007828628201610211227
0020006408036201610211227
0020009075019201610211228
0020000246704201610211228
0020002119270201610211228
0020006407130201610211228
0020006350830201610211228
0020000325535201610211228
0020006350797201610211228
0020002355435201610211228
0020002355435201610211228
0020006370401201610211228
0020002192638201610211228
0020002192638201610211228
0020000265149201610211228
0020007837547201610211229
0020000249307201610211229
0020002276062201610211229
0020002185305201610211229
0020006340632201610211229
0020007842864201610211229
0020004842225201610211229
0020000272685201610211229
0020002053988201610211229
0020006340625201610211229
0020000300049201610211230
0020000283801201610211231
0020000267124201610211232
0020002176662201610211531
0020006337818201610211536
0020006337818201610211536
0020006371838201610211602
0020006371838201610211602
0020006395132201610211626
0020000249240201610211630
0020000320827201610211630
0020005194202201610211630
0020005194202201610211630
0020007837484201610211630
0020007837484201610211630
0020006365121201610211630
0020006365121201610211630
0020002035672201610211631
0020002035672201610211631
0020000267133201610211631
0020000300071201610211631
0020000300071201610211631
0020000246704201610211631
0020002425725201610211631
0020002192638201610211631
0020002192638201610211631
0020000284078201610211631
0020001947865201610211631
0020007258281201610211631
0020002101847201610211631
0020000284071201610211631
0020008988225201610211631
0020007838566201610211631
0020002053988201610211631
0020002053988201610211631
0020002116864201610211631
0020002337319201610211631
0020000267124201610211631
0020000283801201610211631
0020000266762201610211631
0020008988414201610211631
0020000261412201610211631
0020000265101201610211631
0020002108292201610211631
0020006340592201610211632
0020000276230201610211632
0020000267129201610211632
0020000267129201610211632
0020002185305201610211632
0020006407220201610211632
0020002276062201610211632
0020002054003201610211632
0020009099146201610211632
0020000261033201610211632
0020000307190201610211632
0020000325468201610211632
0020000273855201610211632
0020002282354201610211632
0020000261038201610211632
0020006370504201610211632
0020002111127201610211632
0020006340625201610211632
0020000269576201610211632
0020000269576201610211632
0020006395129201610211633
0020007837547201610211633
0020006340632201610211633
0020002119270201610211633
0020007837442201610211633
0020007842897201610211633
0020000265159201610211634
0020000265159201610211634
0020002276502201610211634
0020002453506201610211635
0020006365173201610211635
0020004284196201610211635
0020004284196201610211635
0020006407100201610211635
0020002231191201610211637
0020000265104201610211638
0020002402119201610211638
0020000276230201610211640
0020007837442201610211644
0020006407220201610211644
0020000325468201610211644
0020000325468201610211644
0020006340625201610211646
0020006340632201610211646
0020002185305201610211646
0020002224720201610211702
0020002224720201610211702
0020001973798201610211731
0020001973798201610211731
0020007259594201610211753
0020007259594201610211753
0020002282186201610211800
0020001917145201610211800
0020001962252201610211800
0020007812007201610211800
0020007763742201610211800
0020007763742201610211800
0020000266845201610211800
0020000266845201610211800
0020000246699201610211800
0020002101838201610211800
0020001962111201610211800
0020006365174201610211800
0020000323807201610211800
0020002095605201610211800
0020008916274201610211800
0020000321486201610211800
0020000302716201610211800
0020008903945201610211800
0020002295824201610211800
0020000242597201610211800
0020002424523201610211800
0020000271485201610211800
0020007842565201610211800
0020000272688201610211800
0020002441037201610211800
0020000325535201610211800
0020000242587201610211800
0020000300049201610211800
0020001971072201610211800
0020002444091201610211800
0020000277971201610211800
0020006400526201610211800
0020001913702201610211800
0020008916302201610211800
0020007259595201610211800
0020000273757201610211800
0020006350750201610211800
0020006350750201610211800
0020000314126201610211801
0020002424381201610211801
0020006365141201610211801
0020006365141201610211801
0020000269583201610211801
0020002045672201610211801
0020002355782201610211801
0020006348087201610211801
0020006400612201610211801
0020002174590201610211801
0020006365153201610211801
0020006365153201610211801
0020002355435201610211801
0020002355435201610211801
0020002015308201610211801
0020002015308201610211801
0020006365106201610211801
0020006365106201610211801
0020001858388201610211801
0020001858388201610211801
0020006407110201610211801
0020002026428201610211801
0020002072274201610211801
0020002208495201610211801
0020007666966201610211801
0020007837504201610211801
0020007837504201610211801
0020002089428201610211801
0020000265750201610211801
0020002061794201610211801
0020000242590201610211801
0020000242590201610211801
0020008977598201610211801
0020002042333201610211801
0020002042333201610211801
0020000302705201610211801
0020008982312201610211801
0020001990702201610211801
0020005194254201610211801
0020006370401201610211801
0020002053962201610211801
0020001916188201610211801
0020006365086201610211801
0020000259681201610211801
0020006340672201610211802
0020006350810201610211802
0020001922876201610211802
0020000275813201610211802
0020005194554201610211802
0020006350830201610211802
0020000242548201610211802
0020006365101201610211802
0020000259666201610211802
0020007627693201610211802
0020002351379201610211802
0020002146034201610211802
0020002151252201610211802
0020000272152201610211802
0020001925891201610211802
0020000266856201610211802
0020000283799201610211802
0020002404142201610211802
0020002404142201610211802
0020001888809201610211802
0020002184341201610211803
0020002095631201610211803
0020007763841201610211803
0020006407170201610211803
0020002095631201610211803
0020004842225201610211803
0020004842225201610211803
0020000265757201610211804
0020000265757201610211804
0020007828628201610211804
0020002032039201610211805
0020002090603201610211806
0020006407220201610212003
0020000276230201610212003
0020002185305201610212003
0020000325468201610212005
0020000325468201610212005
0020000325468201610212005
0020000325468201610212005
0020000325468201610212005
0020007837442201610212006
0020007812003201610220606
0020007812003201610220606
0020006371838201610220644
0020006371838201610220644
0020000265159201610220708
0020000265159201610220708
0020004284196201610220708
0020004284196201610220708
0020001973798201610220710
0020001973798201610220710
0020000259666201610220713
0020002184341201610220714
0020002054003201610220715
0020002276041201610220716
0020002895080201610220716
0020000276230201610220716
0020006350677201610220716
0020001916188201610220717
0020007837504201610220717
0020007837504201610220717
0020007837504201610220717
0020002208495201610220717
0020002208495201610220717
0020002420967201610220717
0020002420967201610220717
0020002382501201610220717
0020002444091201610220717
0020000277128201610220718
0020002026224201610220718
0020007842897201610220719
0020001962252201610220719
0020002282186201610220719
0020000272688201610220719
0020002373840201610220719
0020006395092201610220719
0020002032039201610220720
0020007666966201610220720
0020002095605201610220720
0020000080865201610220720
0020006395193201610220720
0020000284071201610220720
0020000273757201610220720
0020007842565201610220720
0020007842565201610220720
0020006348106201610220720
0020006348087201610220720
0020002295824201610220720
0020002051688201610220721
0020002170298201610220721
0020002170298201610220721
0020002119270201610220721
0020006395188201610220721
0020006395188201610220721
0020002090603201610220722
0020002090603201610220722
0020000261033201610220722
0020000261033201610220722
0020000300049201610220722
0020006407110201610220722
0020000320827201610220722
0020002363423201610220722
0020002276078201610220722
0020000265401201610220722
0020002185320201610220722
0020000267129201610220723
0020002337319201610220723
0020002356349201610220723
0020007828628201610220723
0020000275816201610220723
0020006350777201610220723
0020006350777201610220723
0020000275747201610220723
0020000275747201610220723
0020006407100201610220723
0020000259671201610220723
0020000259671201610220723
0020001962111201610220723
0020001858578201610220723
0020002356202201610220723
0020009098972201610220723
0020000283954201610220723
0020000283954201610220723
0020001858434201610220724
0020001858434201610220724
0020001917145201610220724
0020006407180201610220724
0020000273855201610220724
0020001972377201610220724
0020002095631201610220724
0020000242597201610220724
0020001990702201610220724
0020007561491201610220724
0020006314626201610220724
0020002160732201610220724
0020002095631201610220724
0020008916302201610220724
0020008916302201610220724
0020006365106201610220724
0020001975989201610220724
0020000265149201610220724
0020000265104201610220725
0020002176662201610220725
0020002035623201610220725
0020000284078201610220725
0020002026424201610220725
0020006395129201610220725
0020002205230201610220725
0020001852179201610220725
0020001852179201610220725
0020006370504201610220725
0020005194554201610220726
0020002351379201610220726
0020007827036201610220726
0020000283808201610220726
0020000300071201610220726
0020002141261201610220726
0020002388721201610220726
0020001858405201610220726
0020007837487201610220726
0020002368436201610220726
0020001900694201610220726
0020000266849201610220726
0020000266849201610220726
0020000267133201610220726
0020000267133201610220726
0020000323807201610220726
0020000249240201610220727
0020006365141201610220727
0020006365141201610220727
0020002174590201610220727
0020002174590201610220727
0020000275813201610220727
0020006340625201610220727
0020002383074201610220727
0020007662864201610220727
0020006407130201610220727
0020000302716201610220727
0020002176661201610220727
0020005194202201610220727
0020002236732201610220727
0020000300044201610220728
0020006350797201610220728
0020001847777201610220728
0020001847777201610220728
0020006340592201610220728
0020000283870201610220728
0020000283870201610220728
0020000261037201610220728
0020006337818201610220728
0020006337818201610220728
0020007259594201610220728
0020007259594201610220728
0020007842864201610220728
0020000272685201610220728
0020006340632201610220730
0030004284196201610200712
0030004284196201610200712
0030001973798201610200717
0030001973798201610200717
0030000265159201610200717
0030000265159201610200717
0030006365173201610200724
0030006365173201610200724
0030004421037201610200725
0030004421037201610200725
0030001858434201610200725
0030001858434201610200725
0030000283954201610200725
0030000283954201610200725
0030007837442201610201132
0030002388721201610201132
0030007842864201610201133
0030000259666201610201134
0030001925891201610201134
0030000265078201610201140
0030006395188201610201215
0030002199922201610201215
0030007842864201610201221
0030006407147201610201222
0030006407220201610201222
0030002185305201610201222
0030006340632201610201222
0030007837547201610201222
0030002174622201610201222
0030002425725201610201223
0030000272685201610201226
0030008903945201610201228
0030006314626201610201440
0030006314626201610201440
0030002090603201610201451
0030002090603201610201451
0030002090603201610201451
0030006314626201610201451
0030006314626201610201451
0030006314626201610201451
0030002090603201610201451
0030002090603201610201451
0030002090603201610201451
0030006314626201610201451
0030006314626201610201451
0030006314626201610201451
0030006314626201610201452
0030002090603201610201452
0030002090603201610201452
0030006314626201610201452
0030006314626201610201452
0030006314626201610201452
0030006314626201610201452
0030006314626201610201452
0030006314626201610201452
0030006314626201610201452
0030006314626201610201452
0030006314626201610201452
0030006314626201610201452
0030002090603201610201453
0030002090603201610201453
0030002090603201610201453
0030002090603201610201453
0030002090603201610201454
0030002090603201610201454
0030006314626201610201454
0030006314626201610201454
0030006314626201610201454
0030002090603201610201454
0030006314626201610201454
0030006314626201610201454
0030006314626201610201454
0030006314626201610211335
0030006314626201610211335
0030006314626201610211336
0030006314626201610211336
0030006314626201610211336
0030006314626201610211336
0030001973798201610211336
0030001973798201610211336
0030001973798201610211336
0030001973798201610211337
0030001973798201610211337
0030001973798201610211337
0030006314626201610211337
0030006314626201610211337
0030006314626201610211337
0030006314626201610211337
0030006314626201610211337
0030006314626201610211337
0030001973798201610211337
0030001973798201610211337
0030001973798201610211337
